0,0,0
-5310.875700560496,-1385.631473913016,-3565542.606037051
-2586.366705491695,-850.998192703206,9603476.760000518
-3333.4236561936664,245.25667080257162,-9311821.386044305
-5078.470371856167,111.40728116472714,2730651.2683761735
-6609.228811786632,-3673.840277642,-499821.614146313
-6600.033051429644,-3556.679666761653,-8756340.349387268
-3404.507005991255,-2290.8907118146276,5968916.47005018
-4738.305139529205,734.5194520499373,13561974.888963312
-3518.718582519647,-3065.204229774729,2736217.210627266
-5353.262888872059,-299.3616069052117,-51206.66870987121
-7108.455660476757,-3476.895088348901,12319656.578523917
-3523.1315509653928,-767.7070094469624,17071858.072489638
-637.3345737643763,-246.63735621093932,162525.51373132152
310.55569971750003,628.6811220847019,-18923090.46519634
-3336.778260720797,-2704.211822628995,-13053247.767215265
-1744.2405779820524,-1249.8216558878587,2079436.0250006993
-3328.486787867158,-346.2207448393042,20438139.945938297
-1832.5069154544844,-1434.4944312070531,17478171.856817916
-2579.0544711222024,-228.4540785446125,17140875.756402925
-5521.139031943959,-3649.107154981068,6114744.157028274
-1636.994934027009,-2137.4713400921346,23076396.57294665
-4019.064987096429,249.65889252692128,-19008805.975862857
-1110.7777960980654,-333.2623696709232,8187501.051327667
-7100.7658882457645,-3488.2036147074714,-1175527.0034265094
-3619.7377293274976,-1813.6519788396772,27236381.811398264
-5843.278592938355,-171.4129709822395,-6111404.591677609
-3595.7437315154925,-51.58926378784405,9426479.796416422
-6956.293664050815,-3568.701362866778,4807860.916476445
-4158.357578826544,-3216.364269765841,25143587.524995
-2172.764152806757,-177.75870174273038,19831452.240571387
-687.8922536074999,254.41001645446588,-7029785.063104574
-707.509639710365,-247.80647124883092,10377142.732899604
-6013.170330678501,364.44334922719133,7515135.227398111
-3343.914121511091,-2564.684162233145,-14206511.00163748
-5085.704104175193,-1214.888195989181,-17969087.963362496
-5087.7353168761165,-1970.5222169468063,5880974.582483239
-6583.810834440436,-3229.50464567992,10007564.167428395
-5364.769550528488,189.223993978108,6203799.23304543
-2750.958731129427,456.90069093446266,21280823.60275067
-834.9693721710025,219.6705452279101,19837018.182822455
-5722.942019787337,-3562.5373111405947,-9278425.732537875
-1731.753453332893,-24.481238170658223,-5568168.627972944
-3190.597192069385,-875.9188330717574,27317644.568263922
-5713.814653728062,-492.81508136347526,-10235767.799722362
-6269.582291883012,-160.17719371525598,-15026930.88944558
-138.64371418218684,547.1528085482907,164751.8906317485
-5602.09683083365,918.6226344424256,12909646.457137598
273.4770510921071,470.28056823036036,26159928.580040827
-2189.1380862491483,-2176.8645000876104,-17135309.81415183
-3788.474355940132,-1344.9219251608495,6418644.603936835
-4471.712424297809,-1574.7842115852739,-22091224.79450682
-4988.202109669997,495.4948409956274,-6652414.178481871
-4266.5976117604105,-2736.9606913820817,12216130.05265396
-5532.661033338897,-861.0453396255444,12927457.47234104
-1907.5046143270738,-1418.669002449995,13689991.560737966
-3185.02817741696,-3194.155293010296,-15659221.929167401
-4936.804918757486,561.0674571228707,-20874509.818422366
-1179.7331859858332,928.991235680345,1594085.860707187
-4877.750505243004,887.725387698056,2249753.8578835153
-4135.537883510147,-1538.8199848223649,1582953.9762050267
-4768.470075251617,-1516.0876324982569,25874952.33678592
-3114.9013681925007,482.20741288726884,24635973.591697168
-4018.2046594032777,-2024.5624166883943,5227532.962207312
-3330.398121304836,-1374.8217506012022,10491801.143271694
-4171.44961007977,-1977.0775644319804,16066648.901945943
-2454.9408829557738,-1053.9523075725012,28615622.301214017
-5355.933327777238,-2462.959757107831,12174942.079996035
-659.010679453685,-731.5410083719589,20047410.799913008
-5971.655125142348,-3604.6955967375616,15206154.22993013
-6645.575372029457,-3879.8148913354576,28232685.47434025
-4255.084360026228,-3316.9741528412073,-11045055.803028306
375.79627956006556,304.32334052171814,26619675.40997943
-3881.703643744839,-2046.974485771169,22321654.80370122
-2084.6880147124507,-267.9047514213812,886098.0063707487
-6105.069580921998,-428.1349228882044,17058499.81108705
-4600.642378141915,-3193.0117879858344,-21383236.940170385
-1000.5466809064682,-215.38926252309037,-6623471.278776295
-6240.729193090131,-3731.1755530446785,-15323039.017202623
-1293.4526107683168,854.3554243547034,8099559.163760725
-4358.861108396981,-2526.2047841276776,-5731807.330154479
-2760.8967544142374,428.80088787867516,-3335112.596842656
-5204.458702956249,-2648.0223365134693,22733534.53028059
-5530.838498943529,-3409.8201598430433,-81262.75686566076
-660.1415787321814,-556.4389208469884,6612339.394274159
-3432.971679938295,-1052.8972064088111,26354736.558828365
-3328.513459862259,-1950.9893975453897,-1843440.0735552115
-5039.767358644284,316.01948577782116,-2336582.5570002436
-5205.463477983579,-1969.137864695578,29390401.462563314
-5054.862138369583,-632.5005384485253,16819164.29429095
-2951.673421417253,-1050.3454645617342,-21526838.250248052
-7467.715915224824,-3289.077877369271,14175341.7250315
-295.5174143049906,-135.08116048769926,30686152.81861301
-5908.923004154605,378.58827419102954,24668256.05675341
-4377.967908351677,-3203.8547110300647,-3906178.271802683
-1556.2656727264687,-250.01077473554736,-8867659.194408717
-4987.012690074379,-482.53114256003255,29953674.818371873
-4773.991701470762,-1614.4628242685505,22031112.618195243
-1870.98014430763,169.89932411907353,-20059655.872865357
-3822.0090466843517,-725.5214084318186,2009305.1526371734
-4313.828550183838,-2559.042149136185,28321740.5503574
-981.3151370536066,527.083108376003,-4305812.92542968
-5074.718258866274,1133.1658481401157,6583396.494568584
-6001.654440688067,172.64337928961507,17662961.139553532
-5755.5065779285005,978.8078359163521,31136994.140949875
-5473.728747728913,-2570.7521513620763,9926301.410562733
-2264.9182898104214,-371.6084790815545,-2898742.724358563
-5416.638688818227,-231.50319410445644,25158058.97484778
-4026.716165084813,900.4353971648493,-18741640.74781137
-4168.367536349818,783.4415252165708,-16565357.327642016
-2974.0525946671933,-1807.6000296430675,-20911245.037279435
-4673.921826112289,-532.1074722008395,8219783.516383909
-3476.5912457871723,-3335.548988978824,3880574.9374477733
-572.4116756431025,-588.3654939897143,2922119.681813071
-2750.880151157541,-1272.3956927770048,26137664.811036535
-1043.4679881676348,382.89321215039615,17126404.30655015
-4504.034886216144,-2005.3379950152332,-6124762.853080196
-2414.0992677523973,532.6080730469928,-4197833.645758896
-2827.684977896074,-4047.418150730695,8390101.349266725
-4515.4857771309535,1006.6149405407099,27777391.398202498
-4907.336427124867,-1778.8470343211552,2644935.7577096587
-2145.0689703757253,-789.3280178741147,20923490.11023181
-4363.634271228716,-38.096062794542284,-5413435.433393117
-5617.72104298538,-3789.8021404078313,26338038.732075162
-4327.995531863773,991.3467750349531,5394511.229739487
-5158.406141298099,-2569.070424174649,6785996.792507617
-3221.2954118494004,-2079.55094167078,21739457.244239032
-2855.358898426343,385.69954798826336,5183005.424198722
-2264.8765452436437,-801.949898437706,-16881502.84750293
-6167.951882163924,-122.9890095722776,-19153520.474390738
-2466.3573763489767,-1227.8910118668903,-3824915.514937022
-450.4928052964571,378.2141371188451,18658151.614045303
-1664.86169219482,-1302.6779017894723,-6129215.6068810485
-2373.636236808937,-675.9773634823475,21752815.50564162
-4142.037935585605,-2852.594956145261,11507029.009867335
-6734.568154021117,-3173.530938900354,-2187415.304671484
-4571.668364817873,-2442.242346009504,11650630.319945002
-4514.536694922243,-1795.0660397603303,20757625.031149846
-2835.575446872949,-612.5729456875064,7973768.8688865
-2838.788097608237,-486.9434998651702,7657623.349025564
-1720.3788158257175,-1474.3690496599913,-16676676.172663469
-3978.5794363505383,595.2970846996961,-4694315.694554543
-5723.345283435853,1044.5804819894422,-10152278.665956276
-5587.366620325509,1536.6185422301035,18363156.67473845
-4406.813237089718,-1637.6745255581297,22909418.30541447
-4636.248445424921,-2683.3710446470263,10684382.745158805
-3724.6768579463514,-2519.637551129327,18916411.334495064
-5443.149572320144,1062.0896628237874,-3451997.384115174
-299.6033057205208,-9.215794410689723,-6743695.631399453
-1939.4428147227404,206.72902595905276,22606631.046956148
-2274.611367108154,-2033.4538424561958,-11316673.784880625
-950.7207109629946,-693.5368526422345,5372247.460735192
-5165.520784715964,-1439.8945406615176,10142259.969904354
-5023.436538991172,-2013.208590238941,3145870.5603061854
-3048.240749503581,-2650.339464989123,12399806.146939365
-5275.652614629578,-143.09518113771233,17870014.19129342
-4575.8180196683625,286.33884825654656,13290356.907110967
-2274.2932067167776,-2001.5557279761813,27004838.613753654
-2249.2368820341544,-1808.0810684285486,-16890408.355104662
-2119.865638027254,361.9149364705171,6155932.129686198
-3101.093211677636,-1632.047068513264,-10106637.939497473
-6050.067652036276,-3772.274253554803,-13662161.849482603
121.8388654918434,269.4459652835329,14159757.086728487
-3547.5561078065994,408.36533609583137,13206867.77334488
-1534.0350656055448,-219.88120501015862,-1522841.7998934223
-2892.7509652611084,-1483.417004195342,2132869.0706109973
-3796.4953462635094,-17.96194908578081,9888453.003255451
-2906.909831796372,-2121.4039030527597,-1980362.2529315974
-1911.3651741364554,-1860.6453650744238,-16514150.658932148
-5559.445271396329,-2180.6127581062738,-10881417.10084677
-1965.8890776366968,-390.88086581867213,-15476659.023332236
-6902.956040955688,-3681.04563812702,-6275043.293859143
-1047.4427054523417,-280.64315832561493,-15161626.691921541
-4829.355360943057,-553.3543624801116,8528136.717093324
-2512.193356061733,363.03276023748305,-14583881.886260208
165.9054432961811,467.2408524338758,10013130.109679462
-5663.4468059106475,-144.25084663282206,-21409953.462975536
-2629.7036327922197,-1787.9125182350979,26641939.178983726
-2940.531651800483,-859.7750468893466,-9359688.489403537
-5208.06600126113,-207.72208133800217,24110548.643195942
-3539.5567244706526,-1703.2621730690735,-11877720.763788756
-2556.1714353836796,-2402.855156043687,15911915.707366116
-1690.1861951060378,-1452.93419751097,-7916996.257925536
-2485.2495758342807,260.00250491051895,15928613.534119343
-5009.972168464368,-2555.25155433434,15802823.239245094
-5036.072897683263,-906.2208067452119,5211948.323904322
-2055.9486281194795,488.3851045115728,23753215.150677085
-2591.813492050874,-272.95157938932095,-14203171.436286839
-5315.410295974906,-1299.6077313833187,-8759679.914737932
-5516.408036690252,823.1541458070467,-6198233.290794337
-4003.445249961452,873.9646530113371,2580370.8275972256
-5785.662430033989,-209.480334665444,27149553.112281535
-7444.226180648484,-3654.0057251715375,-20811058.076760143
-1695.165587230908,-1718.3581127368325,12154904.687892167
-2031.3108956902158,-1921.1873100510443,2062738.1982474718
-3980.9538339196883,-2497.737976198004,28752544.480590403
-3889.784579265091,-3439.5030382126565,-6765959.400403748
-2912.60343449938,-2135.040968068652,-10266937.076328367
-1547.0528026613877,-235.20433308235692,1850119.2042565176
-1127.796109805883,-25.86557372405845,1387032.8089672753
-2544.4644554642855,-1321.3107428377177,29181122.033923
-3654.521361852959,683.6375282406467,30542551.508535344
-5072.91978047392,-1810.1769161908621,6506586.491503776
-3854.6899775458414,-3831.2953148299393,4154419.296200545
-1146.344823863044,-109.98055539509585,-12151565.122541502
-3456.2421943129893,-283.8290936514482,27472377.762843724
-5141.685405126895,717.2957595255252,-12482182.092255214
-2834.451171065291,-1598.7617976603797,-14256604.481897136
-6977.856725454131,-3688.935678526603,19182463.37409634
-2503.8456783247225,-1663.0895551811639,-3081305.630193727
-1320.6970631961342,66.32642393146062,2864233.882401919
-698.3257459404699,-157.98175566139844,-16478528.628525289
-4867.038415236683,1028.1505206598663,4704334.39060649
-2718.2213170856503,46.02587853076734,12315203.824723063
-4852.972132583981,865.2800353937241,23718706.30872044
-540.9250624052349,-349.81318319152035,21409953.46297556
-2188.6951819596065,62.1173860439166,9666928.501662763
-3555.113755699589,-804.0232943021881,22253750.308238145
-4780.11365908847,-457.76695860167627,-17982446.224765085
-3606.621653204923,-2371.5250615550676,1993720.5143341846
267.6584484577668,223.50166231571097,-15025817.700995369
-2288.3176112208675,-582.6646644677772,-15874067.300058808
-4763.398522255436,722.6181127667353,4363698.724840858
-3334.8504854905236,-3200.114349970228,8429062.945024222
-7397.133054954732,-3758.86784675174,-17434757.50725954
-4825.541855609206,-1438.359060833152,10551913.319583273
-504.56605671648447,143.6939585260596,16498566.020629156
-5300.687577225854,135.15690739583258,-588876.6901634682
-5820.294657798267,-3700.1944932285915,-9956357.498718524
-1125.8980678382138,-195.6173057524096,8975638.474079551
-3710.103762855232,-1869.5166143015767,8351139.753509202
-3940.6306528407376,-3095.294308026653,-7255762.318498115
-5346.35242647883,-2656.034160842785,-12024661.639217064
-6723.218652308459,-3678.0093086497845,16968331.54661968
-4307.409159743434,-1079.3950021549151,-13505202.278002348
-3966.961411321035,-1028.136844026424,28558849.69025308
-2227.1109257603816,-816.8512071237518,2407826.617813983
-4805.453423815196,693.1282902173449,5795259.071816698
-1100.8928051098744,292.17971799872817,-17936805.49830628
-4443.679589545804,-1402.1983897044936,23517219.199231595
-4561.162025434604,164.0270702548889,3474261.1531194686
-2304.014024776312,241.99018961329347,30853131.086145185
-3088.577945623709,-1261.9657537422572,7813469.732055604
-5908.1065917449,-1082.2029042489623,-18022521.008972794
-3158.1065719036883,627.7108848424167,-6859467.230221758
-1765.5993359078184,148.32016712479881,-1739913.5476852555
-4315.802634054308,-2838.815929545898,-8302159.461699758
-6688.664525845983,-3223.8961796300046,-13293696.472461581
-3284.632172277542,-2912.3195558605735,15095948.573358893
-2972.768086514595,-3145.628617702038,18133839.85399427
-3420.4559908731176,-1351.9891868263437,10248012.872674711
-5877.204903379334,-3626.588286598343,-5403416.737341195
-2297.1888882771404,244.78441507399737,1940287.4687238866
-1604.2374937231355,-1868.1506708477896,5656110.5155398855
-3463.9920453258546,-3493.469809817746,-15329718.14790393
-888.4400658137997,125.43168232826284,5366681.518484125
-3564.5471929246487,-437.2937242767491,14657352.323974373
-3678.5900991393455,-503.7846930456612,4909161.0654459745
-5799.306869921997,-413.6369424151154,17760921.723172393
-4401.551217548578,950.0986434468322,-15236210.318085896
-2298.9316293241236,530.6916423199684,-12950834.429795522
-5203.137103363793,-256.1432208153059,-16364983.406603413
-3557.219307126228,-3006.9943066220835,24047096.9015337
-6848.866870939901,-3583.804286678956,-5116214.117185862
-495.7643205419245,201.38518038843569,6976352.017494301
-6031.503809748604,-293.6098556908462,30688379.195513435
-5066.276193879285,-1189.640901601763,15877406.865409473
-3775.641942498577,396.7870151581124,-3415262.165258078
-1793.7124649424595,-2169.207264128168,26661976.571087565
-4481.57102158665,-2409.823626686912,-4430490.031853719
-2254.506805213549,-2161.4537574051187,-5805277.767868619
-2268.4959439062004,-752.9798813576983,-6882844.187676266
-4726.613343500737,-2160.8652580858907,-347314.7964669129
-3832.9532587457425,-3786.708866888549,17174271.409909353
-3236.8362127921578,-3238.4604927765154,23722045.87407108
-5873.779689309488,516.1126751607717,-11924474.678697748
-3521.7934427878436,-2730.9414265115934,-6026802.269461308
-5418.396713941721,-583.5468106550732,-21667099.99497508
-4750.562223784879,-209.8499555320089,16740127.914325714
-2600.9071396329596,-818.2296995509878,21071544.17411033
-5716.213897662312,-1389.889957405179,-7039803.75915652
-4392.548628782136,-1548.8726809891914,20781001.988604356
-4497.577458126215,-3510.9284774997586,12850647.469276233
-2748.112798065382,-2252.6635432502903,-18771696.835967157
-3949.59678468499,-2346.2067123488264,13381638.360028548
-1502.8025487641776,-1995.7361657741085,-4719919.028909479
-1424.2623502864162,-255.23413324098502,26439338.881044667
-1160.5622107154293,341.3222547984102,-18708245.094304938
-3892.5397763391593,-2793.6542403597314,25532090.29411986
-3062.3904322347544,-694.6548400478173,15672580.19056999
-5091.143966702033,-3416.1719697256694,14675163.339177815
-4895.381751642893,-2024.7306205763866,15437697.42757474
-2546.2473714812127,-513.1384749572201,-12530049.195614444
-2348.9119428449503,-971.6289492789717,-19181350.1856461
-5952.140887083883,-83.09149283290245,-14212076.943888547
-4314.726904394432,-79.13203624873562,-72357.24926392753
-5857.780833584095,1755.293242428676,-20801039.3807082
-2831.535719382117,-2473.190531144229,-8106238.294462007
-4967.809899879786,928.1715015166226,7088784.050965965
-495.54680351894746,-133.15627175482237,-13850290.697568832
-3357.5630252853516,-2954.964404997163,-19850376.444225017
-3523.4043155299905,-1207.948291987956,26224493.51015329
-5312.641440079994,-377.4745870322913,-6563359.102464716
-1279.6963510981536,-2622.439429166587,22509783.65178748
-5306.213366769752,-976.2061642277389,8344460.622807921
-5718.402826903257,876.719536165841,18543493.203673214
-3143.972685316942,639.5902909735489,9418687.477264928
-5449.054346872625,622.2158738462518,6656866.932282724
-4529.419868656318,-895.2734721902564,-5509169.640111579
-5346.412872611537,3.9161112523642005,-19186916.127897166
-4746.877091343447,-3644.840430554819,9004581.373785129
-2792.1744778385514,-4320.962278105775,-17203214.30961493
-2418.1165533637986,-1187.3944271970572,-1587406.7300058808
225.18486559114586,893.0224771273746,30961110.365815993
-5613.401437655362,-345.1450897640494,-14354565.065516027
-2893.827563207652,208.38892908688806,12271789.475164685
-4453.1241475226225,825.4793660496211,5184118.61264896
-4957.013407926492,-1655.6694929265948,22575461.77035012
-4010.1063581417657,-1687.5938697485246,-21879718.988966055
-3322.6468120159693,-717.2507277130809,17831052.595535923
-4988.640772711786,-1542.5196076376683,20575062.125314683
-870.4594897465132,-136.00468277656304,2433429.952168918
-3156.1796649600833,-3039.481747520413,-15142702.488267886
-4510.991289895571,-2472.5332100621963,6587849.248369439
-5189.572579273922,301.63645425721023,25181435.932302285
-3578.51484707962,-251.6195368727125,27528037.18535445
-3081.416693005731,683.3816763468039,25449714.348803986
-3364.1860067610564,196.27886140336082,26651957.875035647
-5504.235821921135,370.7086888573459,-3230472.882522487
-1486.172158967949,-415.8524145214883,-20099730.657073066
-1682.1858432978393,-1170.8656058276215,15193909.156977756
-772.9409087332242,360.1772114513034,23844496.603594664
-1839.8317177212357,-674.3402272847012,-8067276.698704509
-1022.1921293860898,360.238263158676,-20802152.569158413
-4733.587803097924,-1672.7719792660291,12163810.195493875
-2601.4922982726803,-847.3241754486766,12762705.58170929
-5248.71018136046,-1844.0299465490223,24919836.646501884
-1750.3304089819887,-777.5543490611628,-9958583.875618951
-5989.72603645411,-364.2000229297391,-5455736.59450128
-3459.482017979211,-3002.917359676095,15259587.275540428
-6558.776216933993,-3527.7176725346,-225977.25539354116
-4935.754447345042,-2115.212101764868,11105167.979339885
-4787.554711625798,-725.5430677395068,15376472.062812945
-5396.1281582263555,581.7473994112154,23786610.804183517
-4497.607447421986,-776.6925786751657,6940729.9870874435
-2038.958255442097,-1157.0868207900728,8874338.325110024
-3966.919945050008,-3580.2333462221886,3368508.250349086
-87.05633502205059,-259.1886327970672,23971400.086919133
-4482.050505248132,980.3269941756945,2853101.9978997842
-5191.20814253517,892.3150258298681,8696228.173075713
-5711.484572191023,1611.3475096181073,-19383950.483585134
-3457.4995629309037,-3000.4465688930927,-7530719.865701099
-3745.121710418181,308.1121542219942,-6926258.537234643
-2333.1844379364848,-2124.364653713332,29056444.927498966
-3913.3017316734476,-1134.3900559875083,6873938.680074558
-2893.8275186793194,250.55537435517763,18183933.33425393
-5267.405279699467,-562.6555829725191,-19235896.419706613
-2782.749244813246,-1764.5409040850973,22883814.971059565
-3746.076592339394,-880.4085002016429,-11957870.332204178
-5109.868074732475,-3072.36132908764,13930440.265984304
-1769.2994963941767,-508.1652588019871,6180422.275590921
-5853.146763647869,-3776.9225667366472,20227747.328847744
-5858.230595113476,-3707.658174659443,29457192.7695762
-3704.3864047107086,-3430.1258748910304,18748319.878512673
315.9934583185895,436.43011824304364,6701394.470291316
23.563093696136725,-329.2742072961885,6728110.993096464
-2730.280008895527,-2471.2681927260064,-8914413.109317735
-5282.2497367380165,117.64701857367312,-14056230.56085853
-700.1368924172486,41.27866189461081,-2511353.143683913
-4511.932746763358,-2241.6456603772986,20430347.626786776
-2189.0297507489104,-1382.0234954501332,27109478.3280738
-5511.6290407497645,-17.18394056472975,-5761863.418310268
-7095.606170723358,-3651.6768692555793,3322867.523890308
-235.73532063377704,72.01034746038974,22429634.08337203
-3135.110636593091,597.1593899779639,-4463885.685360149
-2108.9982137039983,197.34116823589227,-1530634.119044942
-3686.699031348866,-1675.1787873164253,1627481.514213617
-3638.122470726217,-222.97948676419867,-20646306.186128397
-5041.222429531495,-124.37022040563728,-19175784.243395034
-689.8716139920555,-265.451774993237,3741426.3811709597
-1779.1763165772804,-724.3300596809509,30061654.09804266
-2877.895231623219,-1552.050956465258,2102812.982455208
-4942.048114281363,-2494.330618783886,-11680686.408100765
-4495.124781145097,-1271.0301712216751,-4239021.618416821
-1237.4135798631592,-128.82058864367602,-880532.0641196559
-154.01106923141444,-297.43502946551394,-8745208.464885132
-5466.096260174376,-1002.217499960655,-16329361.376196556
-3821.4183666294607,-3079.9434637883032,5446831.086899572
-3355.136040694999,-3942.427138625798,28409682.437924344
-3318.7779589533316,-3088.579956042809,2662746.7729131
-5358.981237753001,479.7591374539433,13307054.73386417
-5044.945076422454,248.29507192348666,31025675.295928426
-478.76881606595504,287.4731282883494,-12218356.429554388
-5226.017868198481,-1768.4815767274818,10069902.7206404
-5263.087110381284,-1026.8774571974855,7046482.889857801
-2891.7066943082523,-4204.708564044797,12003511.058663009
-1546.1471904622892,-2045.1543625428747,-1245657.8757900351
-3669.953660317395,-1036.4347021279598,6275043.293859168
-2773.4792236535436,-2398.528546531657,6624584.467226508
-4385.109145843224,-793.9634826348913,15968688.318327056
-5705.469180102387,779.5777438400421,-11992379.174160846
-3576.4933525148676,241.24121527333142,-15528978.880492322
-3503.230769346758,-1434.9813108923213,289428.9970557861
-2762.190034491758,-687.5139988521828,14913385.667523704
-4643.445809878421,631.1863560314264,3238265.2016740064
-2926.8825142556393,-679.7386023915158,-21845210.147009414
-2837.271623246569,249.7969334606427,-20360216.75442325
-5174.815106779765,-117.45280058471164,-6026802.269461308
-1838.1168509137703,96.63486300337578,-14451412.460684676
-2330.701793923762,-1535.1795190677326,9104768.334304418
-3165.175875156772,-3280.4352024660952,-4641995.837394484
-315.6332305363515,-461.61517537729145,16997274.446325257
-4404.887699368613,-1711.0558191411214,-11014999.714872515
-3052.7354371132983,-1271.442968215483,19174671.05494482
-2981.9356052812304,-3002.0090724843367,-11863249.313935956
-2433.5411819589804,-281.91884779937163,14522656.521498416
-715.1122492852178,-718.612226205414,28369607.65371663
-3722.003090606837,-24.327973271717404,17536057.656229068
-4521.40352032936,-2851.889297081209,10311464.614336956
-6235.66023382187,235.0652346197181,27147326.735381104
-2502.7280927804013,-438.013480759315,-20965791.271339945
-2504.996537072399,-1990.346785229925,-5672808.342293113
-4570.841121085827,-2798.2967360187477,-9447630.376970477
-4122.022818383059,-228.23846952650035,22457463.79462739
-3052.1105153812186,-4207.2225554450915,6187101.406292226
-4071.1736056169093,-1935.044722928278,8501420.194288176
-5619.117571292885,-274.17917912200426,-19116785.25553367
-4756.376206686967,-2334.3303685991764,-8995675.866183395
-2036.482980735547,-1192.2337779884945,7980447.999587781
-4516.726403396356,-2916.363557994321,24008135.305776205
-3929.8932155334837,17.43423653515109,11859909.748585314
151.2133928873169,419.97364187775344,27487962.40114674
-3713.8372522037794,-3090.476277020498,-3569995.359837905
-4599.231723473984,-2218.13955636473,-16647733.272957891
-2289.3037292090185,29.239441976837607,30824188.18643961
-2911.859134438305,185.04313422986172,14895574.652320264
-1994.13079106859,-232.70314334930998,30991166.453971785
-5306.319286650654,189.66938958251973,-19558721.07026883
-4861.885176472781,-2862.342830145133,23999229.798174493
-1685.4297078374802,-727.915844505744,27892049.80857459
-2523.8680089890227,-1383.175395028701,-15626939.464111185
-5637.730883675423,870.969302227261,30115087.143652953
-5393.878003621119,-1933.0916126417503,6059084.734517549
-4911.258145507622,-1574.4732512971914,-17828826.21863547
-3417.4060994213537,-2936.987582600455,21737230.867338605
-4935.47809831136,210.4764546523515,19510853.966909595
-5409.692003271809,756.2399516948533,29433815.812121693
-4609.8194591971405,-3544.057654841814,-6758167.081252255
-2897.294911459275,-526.245992887765,8754113.972486865
-4473.730835332473,-1913.8844520687423,23018510.773535497
-5295.775243574027,-2371.576379542617,-5273173.68866609
-785.2699940182791,322.2470660556852,-15753842.94743565
-4886.109136755271,-2904.591381967105,-20283406.751358468
-4431.11564376226,694.5329637236337,-4676504.679351128
-5022.07964019261,-1673.0559514133654,23470465.284322605
-1866.9794118080733,239.4488627573285,-9887339.814805211
-3666.791537205891,-370.6597085654386,29508399.43828607
-2935.3533551634805,-1294.6187580456533,-10022035.61728117
-5392.494844708206,-3096.229942919057,-16470736.309373794
-3681.745765758096,582.2838237747841,23468238.907422177
-5256.24306081135,1204.4560138798176,13323752.560617397
-660.8667430855756,-316.00136752249057,1201130.3377814451
-3656.3842270658547,227.19151912872374,-5865389.944180224
-4085.1546180328064,910.5775257785617,-15094835.384908656
-5587.053981349303,-3755.3223793862107,-4831237.873930929
-4031.3863802496453,-31.264873890551694,4688749.752303501
-3697.3042218683654,-1532.32073201638,11626140.174040278
-2946.8917426921807,-1383.1722113096675,17481511.422168557
-480.74803173342934,-704.9191255093251,7598624.361164199
-1649.5835480670687,-1208.0167163424514,20415876.176934
-5146.281960612012,-3331.6809496565165,26404830.039088026
-1697.8271651560813,-1616.395469698597,25693502.619400945
-5413.620011169235,806.8385846280964,-6004538.500457036
-4054.1675815090175,-2035.7617581842642,18625869.148989085
-2575.1115131044326,-2141.9658117433733,-19739057.599203564
-4431.27781305645,242.49195151489863,1252337.0064913162
-3169.6594086184814,-2406.7560878582744,5485792.6826570695
-4645.01124226862,-50.04582132252726,26620788.598429643
-4033.2412861638704,-3430.5309285460307,-8077295.39475643
-3294.958909837608,-3212.790685486483,7586379.28821185
-3361.09678636185,-1210.5476371127138,-4384849.305394914
-387.83497850451334,-476.137945444052,705761.4774360113
-3572.934021498936,496.32254224905506,-11001641.453469928
-2028.4598308275836,-1904.4702885893134,14010589.834399752
-3595.852200597564,261.2180810948443,6139234.302932996
-1872.212599767944,-1668.895146868217,-18663717.556296345
-3201.164712290195,-950.420604263002,23224450.636825196
-3679.6592609856357,-3335.6736638589045,20215502.255895395
-2335.7770204409467,282.2986654722921,-14675163.33917779
-1359.0047831886725,-24.956422698089547,1109848.884863863
-5575.248617834844,40.0791735098138,14947894.509480346
-5024.450887439174,725.110145411723,-8872111.948209597
-2890.8716248593682,-4146.869735620247,23762120.65827879
-2150.1536923921644,-845.0705332235399,16764618.060230436
-5434.427829868303,767.9843280668757,-11717421.626957862
-5879.160063045374,-3622.119815689712,-8331102.361405334
-850.5639289831299,-621.4101947997794,691290.0275832106
-644.1316022550291,369.91566676370985,24736160.55221648
-5308.908585249114,432.48894355272535,23912401.099057738
-4173.356034355778,-3373.1437752219654,24516862.427524224
-1301.5660959191728,-2343.4318619330206,4087627.989187659
-4026.2771235601062,-830.9511436895979,25341735.06913318
-5476.867749916568,-3118.8190078522393,25599994.789582934
-3167.282996178663,-3957.1443749224663,-11755270.034265144
-3896.0833891320826,-2640.655096164072,18179480.58045305
-4737.429817187377,222.00641979703437,9140390.364711301
-3042.6193704668713,-2147.9469432302203,-1356976.7208114855
-5441.1747760090075,-3550.7183311049735,-20355764.000622395
-40.2364748303102,372.0824669315006,16035479.625339916
-4834.809850766158,373.97758009971926,-16220268.908075532
-3675.3241378085236,-3151.9862695975403,-11954530.766853537
-4970.805634713513,-396.50256545289136,-5515848.770812859
-2939.808502319339,323.6374250717936,16898200.674256153
-4213.461531432085,-3043.601044607845,14751973.342242597
-958.5775505177636,-736.410770358613,-14460317.968286382
-4598.273045580435,-929.8082981917635,-16549772.689339004
-1378.9688384385165,-792.0463517122739,8211991.19723239
-3371.4687416369466,-148.18912035399677,2334356.1800998165
-2521.2729663368937,-1527.1142772774742,-17642923.747449666
-33.374102177364406,192.82271961861798,9070259.492347775
-3344.317151389024,424.3139068725445,22618876.1199085
-3664.953841183762,-3109.5570773461704,-10862492.897193115
-3610.192928730947,-1944.9746811628902,-14232114.335992416
-6747.026012945675,-3313.264031545651,22250410.742887504
-4703.745970323225,-568.6040813400166,-14130814.187022911
-4737.099968317492,900.0507805366173,1120980.7693660231
-1699.2123055449952,-1863.359170461988,-6622358.090326081
-4275.524715217138,-1163.4263410721805,-3012287.94628044
-3725.8609342369664,-2587.284627329299,26847879.0422734
-7490.903853279382,-3342.7387303167907,-288315.80860554724
-4089.218958119739,856.9936175299479,-2404487.052463317
-3600.2653916818103,-1197.8138543932894,-7504003.34289595
-737.0528485500347,-331.09313273371,-2059398.6328968313
-3797.366193588584,563.2261165435435,-12484408.46915564
-4084.58109221276,-2307.695504845939,-5499150.944059632
-5452.979015203633,-263.13927515514695,-21800682.609000824
-813.3831007887538,431.17325944428296,11504802.632966906
-3747.2888545615274,-2783.4407942147986,-10844681.881989675
-2188.5237620704097,-1475.9398988250446,-15048081.469999637
-3968.8644848985423,436.14292898111654,16878163.282152314
-4489.648951499815,-825.3874333813678,-11670667.712048844
-1510.7051960233105,-16.037316386268646,-3644578.986002285
-3228.99236414748,-3343.7292431734063,25625598.12393787
-2905.2293736441793,-2252.8873653728742,30057201.344241805
-5406.2604440284595,997.0201600088419,21140561.85802364
-4683.796063699557,462.63239919090347,-3867216.6760451854
-109.75419186336616,-173.73865208477153,-4077609.2931357124
-5112.458141432018,-2692.3480579087854,15496696.415436106
-5010.473281377448,598.4103766868543,5009348.025965265
-4211.3170963334205,-2696.9241919515766,-11594970.897434251
-5085.219399660039,-2247.6090810360197,-17914541.729301985
-4779.807821694851,-1079.9948671282705,28788166.510997284
-2631.540983726098,-810.1360035507721,23797742.688685652
-4685.6573370514525,-1178.0405217216692,26374773.95093223
-2819.2633621804325,-4207.683422142579,18514550.303967636
-870.9782021682726,-497.52805187008425,24571408.66158473
-2106.200292458817,-608.5458673576844,17175384.59835957
-3204.7863484619193,-2802.6435142791065,27738429.802445002
-4521.961461511395,-163.8725274155015,-2774065.617934525
-3962.5962209235704,-3416.8697184726325,-12797214.423665933
-3833.050072745556,-2513.9386808190266,18028086.951223888
-2866.140417996709,-1022.1687680137135,7981561.188037994
-3768.095548939179,-512.8961304920621,-6803807.807711031
-1379.7672171946272,457.97511259691146,-16225834.8503266
-5668.22365339705,600.9434347789202,-3317301.581639215
-2065.818257106577,-309.77965486093876,-20084146.01877005
-1525.2305019324829,-2457.4683294652878,-17817694.334133334
-3218.153660087825,-3329.8843592321286,-15994291.652681965
-2259.15808504187,285.3728633942953,15764974.831937809
-3536.4656450467787,-1208.1495898553549,-2872026.2015534136
-864.6513399515966,468.71106824982013,5217514.266155391
-3371.9199948385776,-2200.7772017474886,-2109492.113156489
-4731.809896428251,429.23709745202666,-16402831.813910697
-1975.4431288298365,-1354.5105954013031,13418373.578885619
-1867.057602164958,617.552363415713,-15606902.072007341
-4254.503665271178,-656.2490815472779,-6257232.278655727
-2399.0485146297956,-210.18566311249924,16328248.187746342
-4519.149113342705,-3166.9875593042098,24153962.992754295
-3164.658442902429,72.21115663811707,26525054.391711183
-5800.79730680623,703.3874505591004,-13988326.065395432
-3160.5671079947297,-710.8391707800537,6316231.266517093
-3147.9350573413076,-499.5343391688295,-15054760.600700945
-5428.8131856216805,-1121.9119871266464,8908847.167066667
-4171.7210165555325,-2080.9415199849323,-20120881.23762715
-5652.218552683736,-278.36155503294634,29275743.052191224
-1344.2808399326188,-2287.7636129510665,6713639.543243663
-3398.7766458061387,-3542.1114875116314,9990866.340675168
-3777.9867403853755,-136.15239063879497,-781458.2920505793
-5092.917309299869,-1865.767628257705,23299034.26298955
-7653.177330014165,-3096.4480721958316,6370777.500577604
-2308.137185740284,-1674.9165457209426,1814497.1738496353
-2489.2574661351764,-1554.83849611617,-6320684.020317947
-7326.121372230356,-3185.226903820012,19251481.05800963
-5694.888735763985,-1378.2861544705152,11458048.71805789
-2262.6324018541636,-2335.2331443949565,15848463.965703897
-4044.4594984305254,-2001.945690135398,18611397.699136287
-3380.964561940799,-976.0226239423856,-5675034.71919354
-1865.6853302348024,-441.5593444199649,9968602.571670873
-3829.024861231733,-3673.206605135383,-18990994.96065942
-6863.56534444527,-3309.9366389106576,-9172672.829767492
-3575.6272251092123,-1247.5168949359215,-18456664.50455646
-4939.607871615669,-2711.3794315541427,-1509483.5384908603
-2183.7638016536007,-1805.4027559415013,30225292.800224192
-4985.113078513041,-1371.9583905717132,29478343.350130256
-5544.838558015186,-929.041282406678,1685367.3136247692
-6906.596167186925,-3781.232658758471,-3406356.65765637
-2957.5326999557883,-448.4625031836613,-5077252.521428338
-3281.2332183220487,-2881.3114845267805,17291156.1971819
-2212.493381055316,-1055.321071845758,-7076538.978013591
-4700.323249795715,775.3813617920471,26132098.868785467
-4503.83609302168,-2471.7400399143858,30370007.298752096
-5207.303801128294,224.4098125852792,13167906.177587356
-1933.7459503778964,-74.22803481176408,7853544.516263315
-2706.694028046124,-4248.21857211301,2579257.6391470125
-5358.503479534352,-3062.9996669151815,103526.52586995589
-4938.173839990723,917.2796794433473,6873938.680074558
-4459.862043442653,774.3122923397142,6688036.208888753
-3822.5564459734624,-1720.5562146506738,25261585.50071773
-2414.304840263699,-195.41454626855386,-13004267.47540582
-1731.0689092280236,-37.771803244032434,-172544.20978324296
-4579.463055061269,162.18312813333213,27833050.820713222
-4697.77827835987,-1653.1215960324464,12000171.49331234
-3339.25104188343,-4061.9026360202724,13030983.99821097
-4252.290090037884,-1606.7836551571374,-1013001.4896951879
-4770.195450558922,-1122.1218632242599,-4115457.700443022
-5070.551639024772,-1980.0951756453599,-13527466.04700664
-4168.972019941051,-1063.7194798072624,-10318143.745038237
-1837.826008167245,-1227.5469342224424,-1478314.2618848574
-5258.2903813502835,-2586.1910142979623,-11131.88450213491
-2324.0825750241434,51.13421016052897,14420243.184078673
-2878.0140199628804,-1479.934175943948,-1411522.954871972
-2595.463581319367,-1231.0940301826108,7187857.823035067
-3878.534808105832,-2889.7211880114355,-5626054.427384095
140.93543524561542,651.9980508520102,-18082633.1852844
-3575.7802217298135,-2683.4433807456635,-6812713.315312766
-1936.743855929875,-829.6737298868879,7551870.446255207
-1867.2908596735283,-250.43208094188074,-18754999.009213954
-4330.850826842076,-2612.231064726955,9269520.224936167
-5023.717218326108,-953.3573467883584,-9452083.130771331
-5782.48650338456,-233.41380730865308,-18059256.227829892
-1029.955026966298,101.91076400375948,-1906891.8152174312
-3482.4049726560925,-1634.6348108747347,9371933.56235591
-5813.073927519834,598.5539757704731,15699296.713375136
-4229.804440312373,-1023.4656570482905,16980576.61957203
-4176.461229009578,210.05738595479045,1076453.231357433
-3400.896946978789,65.02177708652543,1610783.6874603895
-7299.527255626469,-3696.511080663556,1394825.1281187697
-5398.796860558199,-2130.6538278213884,20983602.286543388
-3753.289274264073,-3507.721587514486,-6027915.45791152
-2580.7531410381566,-337.8846687518973,-19722359.77245034
-3970.0945692678547,86.98897821625737,-17007293.14237718
-3639.4281962512455,-1858.2000752124723,-13231357.919249574
-4799.303558561721,865.3207079601333,17883372.452696007
-5114.258156023374,-880.9106016257535,13402788.940582631
-3962.5727660419725,-3841.0858484375713,4896915.992493601
-3023.8868689960054,-4147.238154243384,3253849.8399769957
-3682.661674950617,515.7860422924874,-17360173.881095186
197.00080418812487,732.1848120067087,-1876835.7270616416
-4986.693961957835,-2002.085072461214,-6248326.771053994
-3304.195323837789,-2327.769466303572,-5169647.162796159
-6542.762099394673,-3708.542381358632,28935107.386425592
-5267.371594616945,-32.62302725151284,-3644578.986002285
-4099.138324366953,143.11491351623155,-10771211.444275532
-5118.075212428476,-1517.3597018831706,11592744.520533849
-44.89527981238632,-61.4629915342649,5209721.94700387
-5324.895607782083,-3377.1361610337335,28361815.334565114
-4180.967148691885,-1981.8869826990758,-2708387.499371879
-2941.4067069786424,-582.136265079718,-44527.53800856495
-6969.262153650291,-3155.5640606161032,-7439438.412783518
-576.0074969743101,-534.5629455107853,17109706.47979692
-3795.0894560417482,-2101.1902063885436,-12602406.444878396
-4148.484777252695,-1363.3247458533003,17965748.39801188
-3986.589105546242,-199.45480363634175,21643723.037520595
-5699.921126790807,-923.3588260600499,3362942.3080980186
-3615.3749879456172,-2769.44182829419,30254235.699929766
-3235.881776146362,-949.7290170141267,-19254820.62336027
-3076.5519815546036,-3265.335942157112,-16113402.816854935
-4509.240734266998,-2490.761485031925,9396423.708260631
-4927.984770446413,-764.615613876652,-6563359.102464716
-5004.117710030837,-2354.388933547365,6624584.467226508
-6169.13724975404,39.501780471683716,9242803.702131018
-4628.689873584847,-1635.249564743657,9781586.912034852
-7105.557396423095,-3899.726932853924,12329675.274575837
-5931.871896121753,383.4071211642876,-9276199.355637448
-4994.32061640362,1182.7177844824712,11933380.18629948
-2091.037229753475,-135.36541649801504,-13013172.98300753
-4227.5465267828,696.5197969410941,-6467624.895746253
-1080.2389515068232,-634.4358588704413,-12415390.785242353
-4184.1159469371305,-3110.143448249103,12255091.648411483
-3256.667932197583,-2284.3043965398665,31110277.61814473
-2645.2091233967876,-2289.440581257871,-2456806.9096234017
-2380.210282520277,-2049.5423031726014,-2516919.0859349812
-2186.1997919378764,-1460.705192424536,-3087984.760895033
-5888.7475210237035,193.6046309784018,-16376115.291105548
-5846.23549975889,841.0224067265395,18545719.58057364
-7240.717687911897,-3812.722095041888,2348827.629952617
-5040.407297287626,1039.4285189384225,9326292.835897105
-2683.0188808019957,-2369.1068756054697,17349041.99659305
-4948.726710651106,-2619.914020905591,-17431417.941908896
-5045.502427616738,713.8407242501934,-10039846.632484613
-5732.451810607197,1685.5410478330007,24671595.622104052
-3376.853445675668,-647.4322026704599,-10469537.3742674
-4832.410818336741,502.3570655936072,3128059.54510277
88.60264283507078,334.1716498268619,28554396.936452225
-3858.8721931574355,-1605.2985894073238,23912401.099057738
-6133.105087324922,-108.2693910523267,-14623956.670467917
-703.3764934449705,-573.2020004807028,9764889.085281627
-990.5829429683076,-587.1761356197626,27877578.35872181
-6215.067906144609,-96.87459815478825,-14491487.244892385
-4500.205428891866,-229.15766151233,22962851.35102477
-3022.293729345954,-1577.723280674387,18401005.082045734
-3953.831576187285,-3907.474656562891,21839644.204758346
-4109.173406552661,-1491.822903915143,21224050.991789732
-4594.584773946917,-1879.9061668593702,5263154.992614169
-7224.268848018623,-3746.2903801809516,20093051.526371785
-3769.235131087515,-2951.526107623369,20001770.0734542
-2245.9762640099175,-1447.1228862616808,6480983.157148842
-4746.4510963876655,-2369.738809311683,20796586.62690737
-1759.6576591593125,-1986.5897797763878,-14164209.840529341
-1891.790968613785,-1898.1178675662761,9565628.352693234
-5732.861107737217,1690.4285006104865,-3366281.873448659
-4295.211085607049,-1023.3322492048869,8940016.44367267
-1885.6970633457615,-2058.986593984268,11621687.420239424
-6100.89496838716,148.06924888218006,-5893219.655435586
-3971.494915811861,-3648.343277274187,18022521.00897282
-4155.126861042994,-2206.673007339686,-20444819.07663955
-4907.350341980459,-3349.4495423613666,-17329004.604489155
-4730.006920754978,-244.76215019174214,15773880.339539517
-5752.5660572417255,-815.5665720675611,-14470336.66433833
-4998.505548196048,-690.1904489748974,-9482139.21892712
-3219.7334860037017,112.5861900346231,2032682.110091682
-5287.986330778969,-3410.1782235872497,30417874.402111303
-1729.6147400237303,-2209.171938413477,16023234.552387565
-868.8916306048955,-294.53635241919847,3236038.8247735794
-3740.2699898771443,-2563.382735842366,28200403.00928403
-3336.3983517667125,500.99151732175267,-12583482.241224742
-1358.1012081244085,42.032428510852064,-12176055.268446226
-3170.8848732555402,402.17501534860236,19390629.614286438
-2899.3947633605776,-1312.6882222115187,-504274.367947167
-3604.7045423189074,-1836.5847896871214,-6783770.415607189
-3574.4072930178245,290.42621909925396,-20871170.253071725
-410.19182119585395,-586.025958143771,4005252.043871785
-1973.8854442303095,-266.4499176434293,6728110.993096464
-3525.298093985741,-2182.910247711246,5329946.2996270545
-4137.519158578205,-333.1337808203237,-10286974.468432209
-3500.7965267679,-2101.127952437644,-3802651.7459327276
-753.8328731394438,-545.9524162542984,16966105.169719253
-2533.998035017793,234.3372839568855,-9619061.398303507
-3167.9648352363624,-1547.820643320073,-9493271.103429282
-7483.84590454864,-3644.258875305124,-14620617.105117278
-5611.5907253219175,-1187.3073847657738,18655925.23714488
-2725.921920640567,-4194.044761927703,-4509526.411818952
-2946.8039455199555,-1641.192116458456,-18310836.817578368
-5430.01361465139,-2707.9959442399604,3630107.5361495097
-3627.018059716136,-2034.4724866981899,13851403.886019072
-1638.0295647682756,-164.8201313101239,20576175.313764896
-1717.6108727442236,-2243.6199891488523,30919922.393158045
-5118.7233107432385,-1193.0263848628042,-16122308.324456643
-1389.6833885893404,-823.4214034297056,-14071815.199161522
-1996.1276062479071,-782.8494213930404,21120524.465919774
-5169.5529091300405,-202.9078540967992,13854743.451369712
-5565.9945375334855,-68.08787990194324,6450927.068993052
-4579.468164595689,-2713.3893634318792,14945668.13257992
-5510.750156204601,-1543.9344879689108,-5666129.211591806
-2741.7141017989907,-1927.6296733612207,10556366.073384153
-2060.555925873437,-1715.0832280879404,10291427.222233089
-1302.8194013995003,-817.6392911135085,-20536100.52955716
195.05916976109344,553.1784497621558,582197.5594621872
-2231.0922553854257,-81.16433096921988,25573278.266777787
-5684.534023777234,-1007.3670819016793,-21928699.280775502
-5683.073130914936,-1356.8436469245805,18206197.103258196
-1131.8385980027185,-537.941858733544,13537484.743058588
-2651.493706716186,325.6003881892196,26827841.650169533
-5581.707526464941,1617.7210789953906,-11883286.706039824
-1827.0645482532252,-457.7798715877784,14689634.78903059
-6107.7316263851735,-3355.8225685025423,19473005.559602313
-1500.9948531714845,704.9921128233586,-6014557.196508959
-6466.616714362741,-3737.6744741204784,-5387832.099038181
-1444.3093603393156,-31.95221432543465,10981604.061366085
-3035.0628691563,-284.12637396662154,20620702.85177346
-3583.4319563112817,-3534.6128508502293,26161041.76849104
336.67161282732167,346.49585155388047,22946153.52427157
-2522.0448178134025,-568.0061121266499,-14058456.93775896
-4567.249607793289,-2355.989798725703,-16546433.123988364
-5376.775132118746,-1917.0490464588104,-12757139.639458198
-3526.418874380981,-2532.963515595381,-2972213.162072729
-5915.4306481747335,-618.2799278020225,792590.1765527396
-4402.025369037141,-2988.6204121315313,29973712.210475717
-3690.1350210838,-3755.506887032309,10066563.155289762
-2988.2283928003835,-506.7820676063095,14273302.308650363
-4114.880835056178,-2937.898294316661,10580856.219288848
-3126.211563220301,-89.5757765938442,-11911116.417295186
-5382.922091949137,-2748.2440151542287,8966732.966477819
-4651.753936029489,-3047.0380228533145,28661263.02767282
-5062.74061830645,11.085932082948084,-329503.781263497
-4284.915272423502,-1588.4714546836485,29634189.7331603
-1262.2878425749118,-443.42591877589706,12499993.107458655
-2881.543016591627,-2091.648885618783,25748048.853461456
-4747.589654403333,-289.18567966384455,20631834.73627562
-3104.119959941385,-881.9777140928265,16013215.856335646
-827.7282594121396,-187.12447937293368,5737373.272405546
-5195.555343807372,-2052.75953690492,-14711898.55803486
-5392.516807915971,382.6905350423937,24593672.430589028
-2995.4327814718054,-932.1076301236741,1038604.8240501488
-3736.851332487221,-467.4967789112521,15684825.263522362
-5195.750096126834,-1355.726595710364,24336525.898589484
-5695.750566261471,-1462.825188583921,-19132369.89383666
-5444.110532249611,-887.3328908086272,-11236524.216465203
-5813.815611588823,792.833375946637,2877592.1438045064
-3390.5578864225477,-2757.7240059193823,-18453324.939205818
-5624.005848943278,1112.9605182001926,13307054.73386417
-3513.7005070955015,-2873.5136573187656,26166607.71074211
-4580.920363457647,-2176.800274679901,-327277.40436307003
-2656.1495283537597,-2292.7684737144214,18080406.80838397
-5364.460239986617,-3473.4363517218644,-20842227.353366148
-3189.1071893284848,49.03629965994522,17508227.944973703
-6247.937288678806,333.4367795846435,12071415.55412608
-3085.2381910313375,249.9139462645793,3428620.426660665
-4869.750153433223,-3225.7050462966486,20056316.307514716
-3434.7289814890387,-2931.8632566791016,-11971228.593606766
-5836.263001027891,-3615.3484339484025,-21388802.882421453
-2193.130113613118,-1939.7724743510664,30211934.53882163
-3200.595483376735,-3462.6383836799696,6393041.269581899
-5558.862550638528,1605.5984378482665,6271703.728508528
-4279.543748533957,-879.3746030515272,2875365.7669040794
-3245.222774201195,-180.39047293376873,26601864.39477599
-1330.0401429125527,222.5530888338682,24866403.60089159
-5909.716818838879,221.66791143436927,-18569096.538028125
-660.5084411189226,-110.14024561790744,6421984.169287477
-3859.6763604939665,-721.6664624320582,19840357.748173095
-922.9421729818234,235.07167664121928,2521371.8397358605
-4356.150973191942,14.051820108247552,6086914.445772911
-1429.1181896254548,123.85361858885973,23982531.971421268
-486.9297898356762,-162.7491354799412,26940273.683641195
-6504.890426448673,-3606.4438458403642,-5933294.439643297
-2369.6112145373645,-1871.8604047538322,-5451283.840700426
-4190.970449346489,-682.5712729286523,-12459918.323250916
-2710.77243883465,-2229.9147090579104,-18049237.531777944
-3655.17927849106,-492.7621726296965,16796900.525286652
-2384.7957395162202,-940.9347102595029,-2221924.1466281526
-6512.828573286664,-3807.0970324654786,-13030983.99821097
-141.9272638896047,100.55489045273526,-19306027.292070113
-4089.2866622425327,716.8393288839833,27080535.42836822
-4622.718775265738,-2317.003643804643,23472691.66122303
136.72140470825008,187.01261395252013,-3125833.1682023173
-4228.831257573897,-3609.1301588126744,18185046.52270414
-7475.850239263611,-3675.5433858398815,14125248.244771844
-4556.866342524185,-3605.279313799207,-474218.2797913774
-5539.879147623662,464.3083945709223,20943527.502335675
155.92015402942326,102.22149386181354,27676091.249232996
-2765.3855198617002,-1197.9355926821927,-13204641.396444427
-1997.5662242088576,-494.3713588916963,22488633.071233395
-4156.285155889343,-360.1591922698519,923946.4136780327
-239.220902913328,-338.3812075733563,22539839.739943266
-5540.902691007838,761.5414972175112,-12100358.453831656
-2166.241759039035,-1150.738742315243,-13408354.882833699
-4050.848331846827,751.7767628654601,21278597.22585024
-3262.4271907548846,-1004.3210743640478,-11832080.037329951
-1407.6788813838853,-850.3521281828232,-4884670.919541227
-5069.910219839683,933.9596606725861,21868587.104463924
-3113.532146397765,-284.0947338112538,-10652100.280102588
-757.8455946774262,254.62647260905874,14873310.883315992
-2489.047374078788,-1593.0218150741962,28508756.209993448
-5587.302745572883,-125.5561111935763,-20526081.833505213
-3087.689042382455,-4143.686906090249,20147597.760432296
-4643.028597978063,3.469690401403854,-3842726.5301404637
-2800.3776637162155,-2270.084595181335,31167050.22910567
-5026.243488196024,-3138.7262771318206,10186787.507912919
-2630.044424305277,-4434.3957436995715,-14117455.925620325
-3524.880236437215,274.26198475819007,11892192.213641556
-3342.3772869315767,-4111.192004602903,125790.29487425103
-5590.733314078232,-1062.2390950148736,6716979.108594329
-2011.9815025727896,-1976.3008071347522,-4375943.797793206
-3349.040231873974,-4103.208554334067,26292398.005616363
-6099.076140910625,-159.0540155118958,19225877.72365469
-2648.415128397071,-2502.562144212099,-19019937.860364992
-703.6380815989764,-427.4597473766244,2770726.05258391
-857.5594835014144,-388.2264991284803,-6045726.473114962
-5747.0000815958,-123.65514488049644,16448472.5403695
-1011.480996723102,-508.8888145967513,-600008.5746656031
-3561.596976365869,-675.2289078882462,4713239.898208223
327.5125876866935,749.1713029965341,12753800.074107584
-5034.182625772015,-1678.823699145799,9211634.425525015
-4735.924708480133,-2077.597462918845,7954844.665232846
-4969.851398442051,-3000.8697241054956,13855856.639819928
-5597.972033481927,-3611.5540609849418,7537398.996402407
-4987.527873690635,704.9008692188129,26811143.82341633
-4221.850463933706,-2491.6703833641936,16369436.160404267
-6994.886827827622,-3477.9951233643455,20896773.58742666
-951.6760604237911,-825.4532083473301,-13120039.074228125
-3708.936829667378,-3226.7142150785617,701308.7236351321
-3562.3784457898014,-2259.3117150675425,-20024033.84245847
-5207.89708604477,-2856.4062005928854,27450113.993839454
-2715.1846725755627,-2256.7148601454555,-18001370.428418737
-2958.825690605474,-2990.1830971724094,-21544649.26545149
-2429.077040239701,-1870.3873414018929,-15533431.634293174
-2587.63025230503,-642.6330413217033,-2786310.690886899
-6084.086279196147,-242.10068915146448,30808603.548136596
-4914.703118672313,-2411.961360391047,-15075911.181255002
-1757.5102518482279,-1157.07535940183,15587977.868353687
-5555.226342829377,-918.1478016825736,11040603.04922745
-433.6681975112672,-301.15070445821357,25260472.312267516
-4733.719804984595,148.74250859647654,7558549.576956488
-4703.693694994024,-796.4329665345455,12934136.60304232
-2316.069243437937,-426.5028249815051,-9789379.231186349
-4954.9043722195165,-2935.329551855649,15625826.275660997
-5397.958774370146,-3079.986462918568,15201701.47612925
-1984.6955727434445,-1440.9704406382518,22348371.32650637
-6697.393036484161,-3432.708318475436,-631177.8512716062
-4625.161266571102,-792.9745460530543,-15201701.47612925
-3043.25278582654,424.7598835612765,-3709143.9161147177
-3368.4985878731527,-2387.4958081587542,27122836.589476384
-4980.290367661858,-3247.297682889895,-2170717.4779182817
-2505.1173180185624,-949.2434085901739,-1594085.8607071617
-5252.796217489908,-907.5718891331455,8252065.981440126
-6678.939099290398,-3764.513740423662,2215245.015926872
-4345.49811594341,-2562.139548131711,28276099.823898595
-5259.019887137016,-2756.3749061200447,12360844.551181842
-5056.7573973655,1043.9578801419884,-3283905.928132785
-5768.7974023746065,1873.8848481563182,29016370.14329125
-4233.716529615622,137.44111332311533,11475859.73326133
-3923.2628424874392,201.87996482485084,-18559077.841976203
-1848.556165221828,-2208.578694685077,-17873353.75664406
-407.3486265752271,20.61060511934374,-7650944.218324284
-2976.9111846851624,-1174.345094513685,-4236795.241516394
176.37243146784135,737.35517606285,19210293.0853517
-2290.5470382574226,-1698.1220254001544,14206511.001637504
-1772.4060491383939,-624.8441028716452,10063223.58993912
-5356.139312167707,-1220.3296180934667,-12487748.034506282
-5753.706496544645,139.67945588611275,1021906.9972969211
-236.4343027926559,-121.97560733473365,28826014.91830457
-5920.399698779429,-325.3353569433488,-8944469.197473524
-3458.4990837083133,284.03973562277884,19666700.349939637
-1457.4825541618447,-673.0769632203663,-7943712.780730684
-3974.94742526239,440.4624853312345,-10389387.805851951
-4695.03785329756,711.0745455723414,-5385605.722137754
-3735.370379968577,-3461.5653612954197,20304557.33191255
-1752.377751783507,-2025.5900120786662,21417745.782127056
-1809.7193912841924,-1173.7241691279783,21590289.991910297
-5665.014976744265,-1487.8063507820987,1275713.963945825
-2543.010475502242,-1790.9518121331248,21323124.763858806
-4886.1523729943,-810.3341811509832,13793518.08660792
-6811.735156621639,-3905.1491569100917,1963664.426178395
-5801.765135109202,-3611.6024579660525,17280024.312679738
-6236.567515804968,-3328.7605654355043,11598310.462784916
-4490.634913641966,-915.04407421058,2233056.031130288
-5019.85312970964,534.5786937878082,2679444.5996663277
-7065.560179186608,-3173.95787450075,-11768628.295667732
-5725.844102077503,-1330.5485705875449,19523099.03986197
-4969.408560945008,160.76386072644004,11153035.082699114
-4103.57171981988,-2892.819438596196,-21138335.48112319
-2803.2792895988805,-389.76994270698566,-10272503.018579435
-4633.365075834349,-1849.394969416689,12639141.663735466
-4414.027577666314,-2020.2677723826873,218184.9362420467
-4625.350798036893,-1273.741131299523,16725656.464472914
-7182.653767216736,-3363.868377361999,-18021407.82052258
-3744.896913142532,-3764.8722327453575,2364412.268255606
-2216.904523872644,-1071.9463454285335,-17601735.774791714
-1370.8080650415466,419.4806274109229,26769955.850758377
-4654.111624639211,-789.0206954858922,10323709.687289305
-7127.452533071797,-3940.7494812553846,-8940016.44367267
-4501.404544357909,673.9185659712228,8796415.133595003
-3015.1349034778113,229.75393311336734,-4243474.372217675
-3718.7501090540227,15.050516013145362,-16010989.479435192
-3248.4118253425486,3.8505010383062994,-13059926.897916544
-3481.2622290515055,-4033.150531249095,12636915.28683504
-2985.604429511902,281.33974824350275,-6335155.470170721
-1895.9549947273663,-1135.0618106709944,-5660563.26934074
-5921.88300012491,199.35039991813417,-8079521.771656858
-2372.1565310614606,-993.0058967044316,27888710.243223947
-4943.149647648091,-1084.8911775461963,21062638.666508622
-4724.334223732398,-35.15799446182991,431917.1186832394
-3591.5492708307233,-2797.430697668275,7918109.446375774
-4569.995832568103,487.91938097287056,27339908.337268215
-5858.145981658504,-3619.571681686404,1379240.4898157807
-5344.562619824233,-431.99809312422326,22759137.864635527
-5705.735031768312,1338.7605005594291,29801168.00069247
-662.9887029085605,-39.97334936292732,-16199118.32752145
-424.22467479920056,-22.761638085807483,12412051.219891712
-3271.0285418771446,-3033.9148434744525,14334527.673412155
-5093.434095906044,186.2930634097358,22862664.39050548
-6329.854355451381,-257.00681015118323,28389645.045820475
-5455.623917565628,-2088.2877800716524,-10752287.240621878
-6943.019114420801,-3483.563342085776,-5414548.62184333
-2619.260199687742,-32.55221733416924,-3063494.614990311
-2913.7290572653724,-2343.3602961607558,24686067.071956825
-7288.267421244368,-3706.6054868883148,-3977422.332616423
-4327.977553870594,368.2631373961857,17789864.62287797
-3293.6410616907383,-2684.2241210311995,-12412051.219891712
-1938.9020834328003,472.5302029771401,1536200.0612960097
-6653.819122492066,-3812.6504257430893,9255048.775083393
-6104.1749336286575,23.506473591164664,30839772.824742597
-1872.9902732195408,40.34680516382276,29757753.65113412
-3163.9372971598705,-1740.534432996068,23453767.457569376
-5698.6720068978175,-3627.7630610863885,7230158.984143204
-4510.7084287103,-2277.249257496609,20529421.39885588
-5288.545140249255,-2551.995463646026,-4279096.402624557
-7264.335428028238,-3315.9606960574247,26738786.574152373
-3903.2387863803056,-3395.5069742185974,9304029.066892836
-7134.9661988904245,-3835.1510333825477,-34508.841956643526
