0,0,0
30577649463.30236,40804690527.1291,-1513173108721.2395
70552037308.03183,-68139899392.8789,-2637612776933.224
24399038144.155666,-68478600562.58571,331359011769.7654
48334693935.22261,-20025806330.73559,184019496065.10776
-14180338004.762247,-69533185636.2672,1703140709709.6667
69870252251.25122,-64463710053.13801,-1717019621197.404
52366693623.982864,-60989833919.91645,1466083944744.9834
56038071270.392914,-126147931819.89824,2090511042840.663
-16128434622.255909,-64370019801.767815,-748965544927.6216
-19356496505.545097,-62637101761.93143,-1964113813220.1836
64918817290.882706,-77882803249.75406,-1413790188960.824
-37141807885.11029,-14748372174.381683,503977973398.5175
22735585361.552753,-86190185604.31346,1221963805183.8647
30018549527.951622,-107832423561.43257,-2359786709473.3105
18629930757.94041,-61380653844.22975,-3088057806021.8926
41424945370.64576,-83702206808.3257,-1477608398033.91
62904673832.080894,-57539956647.2657,2258916763482.0645
39942691469.208755,-62472739091.753494,1043396738631.7958
-27752152570.22453,-5612579384.125458,621824802191.7284
-4079805429.610846,-98455524984.06152,-1059877946023.4843
139897300.1097472,-91807596716.35027,952440300846.0798
-32704705984.980812,-80097031536.37799,2103646441212.9868
89680813280.8431,-78490179436.66878,-1922972754167.2441
24869587785.23375,-10506987370.95791,-706833135054.1272
-10954326537.331944,-71334644748.88902,-632233985807.5316
-1469968003.974826,-55789017729.360634,-886391552426.7489
-6951543246.009506,-88560525942.04997,718853263753.3306
22131973480.67142,-59809020283.06036,-1611192921103.3958
-9826553869.592447,-7883915289.43565,-3304048366049.8257
46608944912.41546,-86574147871.34572,492825276667.2979
12816741121.011824,-23893754251.309734,-1279090396218.2173
13401702272.798052,-109180007666.95306,-652556677628.8646
-16744462924.326944,-23181545879.017723,-1373640480728.4365
83992274553.30106,-76124561111.07422,1802895386027.7893
8616225043.40052,2470121177.4137335,1220228941247.8965
44499110932.75056,-95325805119.75514,-762968375267.9279
-8461006358.117153,-90337123689.89005,-2361273735704.138
51230592077.713554,-123452468635.22118,204590025591.57916
42392527229.34411,-110000705255.66647,-980693799231.8303
24720476167.978027,-18448592565.093742,-3027337568263.0337
29460025555.03563,-50733385607.26167,-3375301706277.057
86614025744.36766,-64888951516.89668,1871174673793.3616
26526930027.603134,-131713079763.9087,-617859398909.5149
-27228295475.015896,-96118991245.89964,-1039555254202.1512
78697780843.41757,-39752933669.77706,1722719888415.5833
15213704290.489208,31789253612.509563,-3182360052826.9736
71740793679.88098,-77067263832.0533,-1074004695216.3625
7822248390.455631,-87866242177.12885,1226424883876.3508
-11056094315.064114,-11642153561.246735,535329443098.4988
42510057284.374466,-78195597339.91446,-2178369509312.1519
17704000490.336456,-112661672205.88528,-216981910848.48828
12291897489.229904,31983633827.527218,1280453503596.4758
51653283162.48682,-78099569169.67079,-302362000268.597
75294830075.2636,-72098438259.27473,-1448983143090.4492
1180515152.276719,-5751749909.458772,-270638774010.90634
-11252451535.173277,-74800304161.9148,-2668716408928.067
-1094918818.2628279,20997960696.702106,-850083328624.0028
-44795984615.36708,-87317952158.88823,1365585755311.447
42707086344.17387,-49181302629.77947,-518600398001.6688
-10832881098.86421,-42210169583.23561,-3171455193800.8945
1320458286.2524512,-46120950221.871124,167538288673.41873
37619481189.785065,-121461596234.9266,92815220574.25375
28069657844.621532,-75412551296.0663,-764083644941.0516
-9846924703.887913,-101002470373.53638,-2174528024882.5105
47616125498.951965,-39567348673.513275,-2098937524815.3594
54544752614.955826,-109454271910.00024,118838179613.7627
62250727587.92036,-126458453434.58998,2044413229684.9587
25113285065.34163,-67657777574.015915,1205234760087.0354
34276332693.31382,45070404375.136925,121936150927.99028
12426065632.919376,-14763786131.89481,190091519840.99353
45832302425.108185,-37766489662.47097,1117128455910.4084
40007750449.25121,-131474270951.42857,-2654341822030.053
-31333511236.12127,-27299912357.839687,1326179560194.4731
1763207240.8239703,-46548846563.40087,-814766455641.8112
39955174743.38023,-38485686542.049774,-862475213880.9124
10048547885.37765,-40139842444.71236,-2700563554038.3267
5373943958.779982,-38295056684.75945,1727800561370.9175
43932519398.902954,-50368025040.95424,-2628566700695.6797
51435954184.67286,-57047741059.40776,-3591664022862.699
14380675488.502617,-41755264536.07592,-1596694415352.8108
11871324377.156437,18553993330.688114,1771543916327.8083
25463696252.481884,-83402856517.59926,1801904035207.237
-31751882229.637352,-86668071841.97441,-1243401766678.316
28333277352.951607,-46877995484.417755,463084752050.71606
13768671563.934874,-93771807611.8004,-1813676326201.299
64656370186.251945,-72012672743.68436,1293217145411.096
-13777419246.053698,5904000473.1605425,-1466083944744.9832
-24227156411.7172,-15426706644.044033,2210092735569.8403
23896658193.58258,-26798139626.745014,-877593313894.3425
22129865126.552906,-86840883775.245,-817988345808.6077
80454891013.98712,-54634080015.009964,583162120190.1691
11894564537.612911,13804454806.014345,-1776624589283.1392
-11577498249.468678,-81740060255.34232,535453361951.0678
7592809633.60939,-4640048301.501309,-1118739400993.8054
19824941314.2788,-34421860048.715485,-350690352770.5432
-40528081811.46251,-72501834499.37984,-3444324507158.045
5769411737.1132145,-14882376016.04719,1493593930015.3235
-27792668757.310726,1612634734.0538492,-1724826508909.2588
-3045121800.9773154,-88688475215.39699,-2172917079799.1104
-28522936215.07545,-94673625795.47894,-502986622577.96277
25124703998.010044,-113866876340.76628,1444522064397.9604
7928800139.756008,-47372089277.36168,-2381472508672.903
56114237902.663704,-128199560211.76256,1731394208095.421
66902517579.15083,-70271266379.17853,-3249895827477.132
13679998184.783587,-54853961811.27589,-636199389089.7417
13098095282.123228,-81618829749.53934,-2349501444710.0737
24711072608.15612,-124218906984.33998,328756715865.81335
-24112684143.595596,-102057337336.69603,-3380134541527.253
-24350858781.76852,-13020924001.795334,-1398919926652.5317
560579675.1530777,-23807620047.64029,-42256328726.06289
13503687503.332739,-73012911500.68745,2264617030700.2437
9130426484.469732,-33713200034.2771,-1358398461862.4377
-27515015130.369247,-71885335158.08171,-1172520183008.7922
22549787377.158855,-115811798519.16202,-1046866466503.7297
37397406180.637985,-40609224834.26531,1091477253428.6036
30791255384.695026,-49877786962.5375,101241702548.95277
27147513221.134037,-27486137308.729477,-582914282485.0306
10887367407.90967,-9926974187.055899,-3017795816615.2134
13226813493.264404,-27861825214.21599,-1025800261566.9828
-36773646630.92243,-37990086987.4598,-2105629142854.0935
18779827502.74073,-32840124216.47867,941039766409.7217
72592357092.80174,-74330669646.44481,-3396243992361.235
33523794282.853363,-128274496132.54857,2126943185495.9788
-16283085527.466051,-90320026495.14157,-313266859294.67615
38961228840.239815,-59909510847.1473,-191826383776.96185
5050140306.713569,-104237715648.10715,-2860418873852.46
22672873270.745457,-52476903309.60407,716250967849.3789
27186995555.711628,-129323355325.35684,-214999209207.3816
-17260429631.583267,-5481238125.877035,-2894620477161.5303
3723301514.332786,-80485567797.20906,174849500974.99728
15909878156.334415,560897918.4695891,-2381100752115.196
67933289564.21797,-73068989532.39989,-1844408201638.435
-30396571312.556973,-70536241128.0224,-2921634787021.594
-3064738010.353957,-83902485370.38629,269771342042.92343
69699539279.29794,-54716469425.28028,1847877929510.3726
40645058323.456924,-26770668973.814148,963469078724.727
-9446035564.976316,-10316981266.151455,-2834148077107.8125
-13786009356.677216,15971269705.641287,-388361683951.54816
14064954277.543636,-54706768546.21199,-2029047291966.3909
-8504647672.094858,-94221384009.54768,-1979603669791.3208
10136505614.567593,-84461014537.60881,-270390936305.76837
47990799690.10651,-19519729071.104603,-2056061601826.4546
14263457598.692873,-44940998656.005646,1212174215830.9036
7193100463.64299,-71710518469.45576,277702148607.3469
-5487145648.49129,-11458041580.700464,-3386578321860.845
-2513679932.686469,-48337632548.37947,-2605765631822.967
-11659292403.634462,-81131135728.01598,-1876874941011.5403
8914558231.11001,-33516753606.84479,1929168696795.6997
-3813644434.836133,-62725064625.203354,-3177279379871.6426
11237312888.174986,-89586136809.63632,-1881088181998.8882
52638322935.90669,-127299388519.10439,-2919776004233.0566
-34877151681.1824,-96933311726.538,-1388138986479.022
-8042063350.220802,-79056408236.36647,-1631267775219.5881
-19147595576.040127,-22416325624.337944,1031252691080.0234
8641664427.670074,-117052354651.84868,158492212435.87476
-32425404783.782303,-34362627582.68327,1768445945013.5808
34966182557.54915,-70413939131.7138,-1311804973296.457
-15267577170.234499,-26383525311.065575,174105987859.58047
-24289657106.875473,-689555717.3114569,213264345271.41574
61468183932.43354,-125326287358.38452,2227069618371.808
-17418783234.586723,-62987170464.37751,-503358379135.6697
56525374866.735504,-128767328369.48999,-1573893346480.098
-9235911930.631468,-46587799803.5124,-3509505823609.39
25747857028.14052,-30207350191.920856,533222822604.8231
-4681116928.002243,-100315489285.99342,1671913158862.2544
-6540862525.129873,-95669290149.37929,-1100027654255.8718
22534334464.515068,-100456980666.01659,1026915531240.1068
85496052023.09366,-76993294253.77635,-1991499879637.9546
49616926749.969185,-101911734223.41705,983296095135.7821
57225029093.929535,-43330188257.52988,546234302124.57794
41047636540.76669,-102282396440.30452,1586161312884.439
20600690035.622684,-4025399807.724073,-2235867856904.214
-33562699873.06786,-56573207066.98744,1728915831044.0386
75388742334.56932,-53655235797.22011,-3074674569944.4272
-8770013774.519464,-51795281650.363815,976480558244.4824
-10203790544.001968,-106768662162.8711,-2744926503258.0625
-23272718371.67721,-62872371810.231544,-1435723825865.5537
24466944602.226383,-72726911349.41962,-1776128913872.8628
48842390049.18173,-106649268985.33963,-251431351862.69708
28695798112.179672,-104072069274.50502,1550472683344.5405
33807682314.356575,-110153648835.26624,-2214801651967.467
35651631865.05965,-96741986092.74747,-1073261182100.9458
-10551111356.053701,-77961455880.33357,40273627084.95619
75279090109.55482,-46783579466.103195,1831272803266.1118
18124788666.057106,-116498343974.67523,326526176519.5686
1807761346.0265198,-62663862259.95845,-1603014276833.8347
7758215744.764837,-88382008642.30046,-2847903069742.9814
37830594725.10004,-69098670355.9732,-1911943976288.5935
30513638264.247467,41248889696.59712,-3001934203486.3696
25595276783.412315,-70017895335.05832,-2131032507630.7576
22194738636.00971,-29123817466.095547,793328494147.3577
3681742253.9362597,-13592568302.444508,-665444238296.05
45994121438.6507,-90907848383.9015,2194602878998.7024
-5919283843.1279125,-23578534646.889122,2096583066616.549
-2198236002.5520453,31192236228.26629,-1796203767989.0583
6285801602.467434,-68575722339.13261,1804506331111.189
48319602340.2127,-111992375321.6275,1986790963240.3284
11834776004.81342,1087417213.318682,-3018911086288.3345
65555820076.87334,-30804328522.270306,-3394880884982.9756
11103589364.089302,-107146729691.70953,-1623213049802.5986
67282420791.47589,-32535508675.04642,2214429895409.7603
20860016132.424507,-68044163396.02743,1721976375300.1694
36879647259.80053,-90022480023.6162,-134575873890.03778
44282482861.03303,-118112966363.81567,1641429121130.2568
-38352733946.88653,-17093829696.115644,1638455068668.598
20814060332.752205,-57284777957.949844,-1520484321022.818
-8106614400.51787,-104970679757.98071,1714541244146.0244
-19293957338.539886,-12791561199.522692,-2314432409433.0205
11750391572.393867,-104453578857.25076,474113529929.36426
-19216287233.52825,-47510145040.09782,2103894278918.1248
22484113809.175064,-30031950126.29943,1566458215325.9534
-9905986771.088589,-3975758571.6591415,-888993848330.7003
38714077335.747795,-104424040648.6621,-2510472034197.3306
64549889511.848625,-64111696978.391106,1177724774816.695
24574734646.59746,-86261446735.19504,-916379914748.471
78386502252.19887,-74471006133.30801,1425934236512.5957
-31216396098.58491,-38106940543.94673,-343626978174.1055
73440774959.48228,-33523119397.60932,678579636668.3735
5430144191.953702,-90303365161.90808,1249102033896.495
59259087220.6643,-62910717805.21346,-3129570621632.538
-13851686945.82769,-105099956285.60146,2280106887271.381
8871834083.931734,21687142261.60877,-2400679930821.112
77956564098.00052,-70960291124.65335,-898287762273.3824
9934244119.63329,20926218341.702938,620957370223.7454
-27648857892.89242,-34466839076.86806,-1081191988665.3694
11041695765.977703,9550645566.949053,-2987435697735.784
9920168602.211714,10590892890.22241,-2679621267954.1484
48074724992.02452,-89543652512.72572,1677241669522.7239
41783471049.26566,-101197911136.92583,-2092865501039.4736
-25106081638.89705,-72106781894.30919,797169978576.9987
56458784012.99034,-96401923732.21616,-927036936069.4124
50443595540.766464,-131853554749.79272,-2704528957320.537
-4603340610.902741,-89794438626.06255,10904859026.082098
13988282642.4905,-58322188143.72769,369526018361.04626
-10087919622.379107,-12783710027.797928,-474609205339.6402
60510603590.349144,-27206234416.69222,-12887560667.185482
64671303194.87117,-40241362192.04555,-1352326438086.5515
15612772718.201159,-20502514078.422813,36927818065.591034
54057237981.08976,-26335900311.561615,2072294971513.0059
-25657431901.109386,-1516344456.7252288,-2612209412156.5596
-28028363220.369595,-6413869267.514373,-2898461961591.175
-18336979156.574856,-91991671098.3057,936578687717.2328
1753889292.819935,-46767099002.34854,633349255480.6554
-14884456693.633423,-64999987703.221504,51054567258.46929
52865163681.96282,-58657019466.21003,-2523731351422.226
31011313620.71258,-109044386711.94499,-2166597218318.087
7084216839.115562,-71079696682.3474,-2488662316145.1694
-32901452895.184032,-28521749322.040524,-2780367295092.8228
12871544265.779335,-48160983881.9759,-2673549244178.2627
-18740115632.033215,-70297890986.42874,424298151196.5872
42902212087.227585,-70137309729.40573,-3350270098058.099
22674006556.980522,-44797585376.42756,-302609837973.735
-5641835029.266,-60423127884.05761,-3478030435056.8394
13470514606.182297,-63372542971.81929,2179856535542.9827
81453944764.24808,-35644955707.50859,-1654068844092.3037
27039334957.58568,-112725665490.71042,-1730774613832.5757
27711650133.174294,-118748581272.57365,876849800778.929
-10510435882.435143,-43144396483.57707,-305459971582.8246
-20025719123.834347,-91566977137.77824,1848497523773.217
-17541069436.446163,-16492915265.575047,1600411980929.8862
50080104017.35691,-65977889756.80528,145108976358.4129
-17245671176.298893,-100562913636.79955,-663585455507.5125
-7122474624.940419,-98767991098.91351,1307467813456.54
-11042500465.2656,-55187554907.09069,240526492836.6179
78115403756.59354,-70413264611.53484,-1637339798995.4744
80256075345.45648,-30287643535.866184,-1108454136230.571
-23716514216.259865,-72973054305.26102,-1273266210147.4695
-35801423724.94292,-77871019160.8178,-1056284299298.9811
52149898360.94935,-96446102942.19467,1437458689801.5227
52730843834.33584,-89468316961.69489,-2441449233316.344
27721771139.780926,-79564891733.56493,-1782200937648.749
35311950045.544815,-54908385312.29865,1988154070618.5894
64698797768.35375,-79679098644.70584,-1032987555015.9894
-22645397876.18361,-19411647718.790497,-3366627386597.2217
22076953482.8686,-80599599118.06209,-1907358978743.5386
2902128926.1440005,-1036847827.8981421,753674461325.2455
10118379459.998463,-113964188079.39973,-2190141800306.2163
-15201268742.424385,-98809235284.36324,-1379216829094.0464
59296450116.581955,-118081598536.49258,-325906582256.72406
-8115492482.445254,-68098424139.922615,1075491721447.1907
10046165073.306057,-66115432849.899704,-1048849168144.8334
72071352058.14027,-47339132382.41967,853181299938.23
5120366070.921987,-110680981357.77144,-2482714211221.8525
77046288990.9995,-46719161476.52437,-2885822238629.1245
61163818883.04831,-122964110954.01492,-2609731035105.177
34718095642.92407,-44053908034.9513,1884557909870.823
7557409555.313663,-66395995499.539116,-2352351578319.163
-14081514397.699642,-34462953418.96112,1418746943063.5894
78650344212.2179,-31268474067.903446,1052071058311.6332
27261224423.03491,-41815293786.20341,-1584302530095.9011
-9138289620.187845,-6033976346.526115,1844532120491.0044
-20653178792.591473,-41859299904.023796,128503850114.1549
57846117866.46533,-90889385631.52725,-2288533369246.08
-27820309201.870605,-13544988550.670385,1327666586425.3044
13947728618.021946,-41468468288.83418,-84388738599.5543
47906669530.49821,-100600293721.48894,-1983692991926.1003
46371366426.77612,-32139693784.145535,-757515945754.8871
28855408791.395008,-115920093437.42749,-3350641854615.806
-4823984626.206513,-64608973049.35356,-27386066417.771122
-8777961505.920858,-65827198971.22528,-2157055466670.267
-32228413091.71288,-63378467182.08987,325410906846.4482
12623953591.634542,-104500124059.7082,-3044190532212.432
19444608698.34588,-104975527778.41685,1913802759077.1313
-4275575740.293581,24905200167.255844,-2021240404254.5364
-10923888540.41042,11116301848.236143,-2765992708194.8096
1340105964.8217328,-261934641.80960155,-1006468920566.2043
76067449041.34682,-34367438680.08835,-733351769503.9154
-6081673193.189416,-105484140062.38828,-3165878845435.2847
43922932851.82914,-89554314994.15916,-1975390428803.973
-20805642610.601116,-7463543057.876875,1618875889962.6812
42359040935.21968,-67756311649.63625,-1950358820585.0125
-6330117291.515093,6005639188.292455,-3245682586489.784
17832552231.36956,-81688038470.33592,-1354185220875.089
-35764430424.438126,-22237448318.016315,-3313218361139.939
-27522642811.593246,-20778064206.882145,1298173899513.858
-29758953442.94955,-33769252558.28504,-2563013627686.628
-24738063639.85966,-21125817988.926373,-614761427595.2877
-28199859366.90637,-57933409103.31122,178814904257.2078
-36477262984.169106,-84658772657.24825,-3127711838844.0034
28512516277.781876,-74542092105.01538,77821039413.39217
10695335947.105888,-98630999376.28505,690228008809.87
70126922099.11996,-51316534820.68377,620709532518.605
18031526575.51264,-127636108039.36502,1295323765904.7683
18221310798.90457,-18140959386.956676,-1335597392989.7249
8533767065.85496,-53057513340.604774,1799673495860.9932
80781101239.56512,-49036828545.83803,-15861613128.844086
61595318204.12701,-39498887744.87402,-851198598297.1266
-23790252620.199856,-54998973705.6398,-616868048088.9635
50472489068.87305,-39240844006.208534,800763625301.5046
-908429032.0907271,-830494722.9153032,-1199038817458.5803
36687824396.55818,-120413435930.44398,52417674636.72816
18735721470.76039,-131362857377.79733,-3240106238124.174
29649623680.81241,-104379280569.42151,223797447739.78842
-2636683409.0835266,-57526843831.24547,-3458699094056.058
2197379097.4906325,12170566862.198626,1482069476726.3962
938713788.4808292,-63108787560.44442,259609996132.25854
21852172435.43255,-11338558439.891222,-1651590467040.9216
47683568100.25613,-27114822424.455296,-1372896967613.0225
-6048947457.218531,-43451055311.56879,-3484845971948.1396
-19235527320.68599,4060656565.440348,-1538824311203.0447
-37482600499.58838,-90945657784.72452,-950581518057.5416
7922934461.93579,-54660536738.73358,-1454063816045.7803
70698568703.04887,-32074808483.56219,1692731526093.861
33664306465.83112,-100974343533.60117,-3044438369917.5703
3417153622.110178,-27244323818.730316,-2660909521216.215
86259013548.12743,-66033106733.53778,1817022135220.6677
45165555056.158554,-35155885365.015785,-2628071025285.4033
52613393558.26275,-41472262845.070435,565565643125.3591
31396439789.619385,-127866870602.35376,999281627117.1978
-2045849175.3255792,-109131232469.68602,-3338993482474.313
31442971391.87126,-106386736895.04446,-1081811582928.2142
54607015057.5322,-106995392209.58435,-583038201337.5996
-1023157343.8238951,28481406868.44215,-2043297960011.835
64087402846.704666,-96892207995.33795,-1691616256420.74
80836929662.89584,-65443164984.29831,-1032987555015.9894
-398845714.554295,-96927048975.47658,-405090729048.37805
53022054957.00183,-64846697876.96188,-3379143190706.7007
14072167818.244791,-37702630289.41383,-2481103266138.456
19579152352.094936,-67100300357.8983,-2188283017517.6792
82319340849.57578,-44501526631.274536,-1814172001611.578
-16476782934.735739,-71412903848.75746,2265608381520.796
17374370757.48012,-49614548562.54921,-2604154686739.57
53059759881.34463,-53242004320.765656,-2405636684923.874
-2779233780.8469625,-31436975322.545048,-2693128422884.179
-45478290153.63386,-85934806912.32404,779449582659.6202
-1295111654.0048044,-69661909028.95139,189719763283.28656
-40756930409.73013,-75845309612.36444,-84512657452.12288
-21140491537.862976,-3646023316.3233423,-741902170331.1809
-18869933917.91783,-87720466484.62904,1275001074083.4377
20170916868.223694,-70745830113.36266,75342662362.00993
22752427784.964584,-57979953877.641396,732112580978.2225
50724303188.72265,-103430974564.74045,1928425183680.2856
2665335848.105763,-10766335072.516018,-3084216321592.248
29338455092.359116,-43519614804.6438,-3186201537256.615
-22160614510.48468,-91905547886.98201,8426481974.699444
-24012744862.884415,-27303419058.63614,-2647278447433.613
8036794020.726109,33265560821.698277,-812164159737.8599
77805456413.21623,-58737181952.34272,2150983442894.3816
-1129512262.8971872,-57710519281.6106,-3324866733281.4346
36466504281.23389,-75143629232.7469,-1326303479047.0425
12246656856.235601,-47954617251.99382,2223352052794.735
27283124013.234745,-130627128853.99506,1022082695989.91
19218846087.20008,20394622034.58533,-641527899750.2135
26969122859.148132,-23333909280.624332,-1096929682941.6444
37290213326.00114,-47387704838.95173,-814394699084.1041
57790437993.337395,-42555630521.76506,1946765173860.5093
30297268868.177864,-103322558438.64473,-1640561689162.2705
480429257.4774708,-102124195215.90266,1714665162998.5938
22999566323.82706,-65218637095.39502,1346997927426.0823
-16431881693.173183,-18942909838.996643,1005849326303.3599
55797261852.22807,-143637798275.0699,1827307399983.9019
61743248592.182846,-61308794323.211945,-588986306260.9169
20385920114.707417,-56330722007.06937,810057539244.1871
42209867225.944405,-31458297672.08722,836328335988.8344
-18953523673.606056,-33602581468.73608,-2736376102430.794
32601008145.0971,-97394079218.80956,1367320619247.4128
81456907251.36311,-36347921304.07041,-2598702257226.529
47255512600.574005,-67435220133.78151,-1458896651295.9766
-3118528834.7526965,-97813348565.82689,1029269989438.9172
-32718373594.997944,-5225182231.856789,-3649162370454.7617
985133224.3440706,-56767275004.88571,1961883273873.939
16112040140.712433,-46189922275.13185,1416516403717.3445
32269703014.483646,44437352241.128265,-2860542792705.029
-3875963365.8213854,-75596667651.56767,241146087099.46286
-5446665700.23443,-83507837696.18939,1599296711256.7622
51485907183.96584,-117535001084.2844,-2291755259412.876
-20245760406.51366,-72162520687.87744,2051352685428.828
16940038258.608784,-30187237328.794613,-319091045365.4244
-37614721880.54678,-72998584665.54753,-825051720405.0453
-17010216289.275293,-67529768772.65443,-133708441922.05489
36918780052.75306,-35200560311.67008,839178469597.924
31307177560.4725,-47371806621.30911,828273610571.842
63404683473.99463,-55129578824.31632,-2988798805114.046
-47841108055.79084,-90691366674.72327,-1308830920834.7986
12222962245.692545,-27277312170.349148,-2716549086019.7397
-11818541661.124517,-86500487231.19473,-3646560074550.8105
-35707886358.58096,-12688793699.87975,-123547096011.3896
41727779706.20885,-114046871802.26106,424174232344.0187
42717399297.365616,-59296173848.79405,45478218892.85947
40356061105.27027,-22549528959.509777,-1087511850146.3931
42065343933.45484,-49650978149.749954,-454162594665.7406
16479479587.410967,-130101556238.08759,-2952490581311.3
11643150027.561567,-35773900584.571205,-1979231913233.6138
38137058239.87931,-51329703315.179306,267292964991.54074
63463466447.43815,-54934866311.8494,956901379538.5658
-3110750659.0389256,3772905227.893087,1101886437044.4094
-39957294960.250175,-82683885957.96039,-2266599732341.35
-3028317499.961189,-108074957363.85237,-406577755279.20593
26984523440.860416,36240589087.3179,2119755892046.9695
51289484917.61179,-63092605619.56009,-2168332082254.0557
-7749704727.827268,-22904440221.24234,-1457161787360.0078
-7281574208.28353,-40541150518.07148,-1845151714753.852
43936332274.18703,-89545807064.28807,-952812057403.7837
-17963849278.09755,-791299715.1396922,547845247207.97723
-38367700492.90398,-13899167735.262772,-2232645966737.4175
-9544079221.824104,-38338331257.91895,-1106843191147.1716
-4153247692.276856,-79875712664.57936,-2043669716569.5452
-1234085765.4393642,28733158183.738937,-3140723318363.7583
-45594130768.422874,-84662389204.67238,1984064748483.8098
73676606382.6139,-52612302585.48283,-1585665637474.1626
-17301586305.65093,-26161813471.02354,-2926467622271.79
53788905973.86793,-77232367861.88483,-3523632572802.266
16221572904.235579,-86424979305.81808,-1256413246198.0706
-46084976451.33384,-73684057784.43724,1409824785678.614
67090329875.64595,-36440389579.987045,-2630301564631.648
31483059875.516113,-23097853375.641182,-1703636385119.9426
15962855795.482058,-113744930160.31725,1638083312110.8906
43206208247.53734,-19141303088.853313,-3628220084370.584
-5858370476.598214,-32653294735.769196,-1490124202143.3884
-13691875454.872623,-33413773738.29419,-1429403964384.53
37375982394.22106,-107606608359.52242,-2533273103070.046
4472630878.8156595,-39943875898.61297,1657290734259.1006
-17957184157.62711,5013232056.673897,1203128139593.3596
12317368943.698517,-124363444831.09879,915884239338.1953
-10118055568.336761,-33331663411.99161,-3142582101152.293
53047891250.87791,-53754607191.90764,-1286401608519.793
19941592846.603954,315872706.8368725,-100622108286.10536
-25607948068.50582,-63475189170.767166,677712204700.3911
9380963950.167746,-19662683494.28973,-2231406778211.725
-9729259370.363695,-93070137670.62372,-887878578657.5797
-12012889239.633896,-1654521404.292286,-2822499704966.317
-32477507944.936073,-92187057289.17085,-896800736042.5521
13910837976.851318,-107546117332.09828,-1883070883639.995
8909404692.63026,-38482365172.554344,1682570180183.1958
53356557052.74422,-123163408349.40193,1042033631253.5332
19798750007.760403,-67021563459.525024,-1784803233552.7004
31667134053.25334,-51390829781.49013,-2217403947871.418
48148757304.22054,-49920230050.48155,1776500670430.573
49288301391.80456,-68013789653.88112,-2392129529993.8433
51008091272.23633,-99924943701.97223,2264121355289.968
-23901077392.659637,-97085305297.95502,-1047981736176.8507
-6078889459.019088,-60921331620.59648,-1855313060664.517
73438137278.55002,-75547743044.4231,-33458090193.656483
54756828559.843315,-139453983000.20984,-2673425325325.6943
71322277117.64952,-73622095601.70174,922328019671.7886
-19719321196.82532,-12052123694.497942,-2938239913265.8525
32387125816.507866,-93603475085.94829,-2364495625870.9346
18481637334.735733,-1370425101.0103106,-3189051670865.704
-31073816687.67758,-33361063991.754803,2088032665789.2803
63602632777.49871,-43457399868.21837,1931894911552.2202
11202335969.216185,-32590885050.086002,-837939281072.231
11785859462.803328,-78886146915.04877,-1818137404893.788
-2970002089.6972065,8684871654.03112,948846654121.5732
81796058882.82811,-31869985414.31768,-1024561073041.2928
53393749228.13721,-119251788756.34212,160103157519.27408
78819865214.92445,-43135809590.25867,430618012677.61145
-15867403205.011744,-91590171410.83583,1942799770578.2993
32331056352.420963,-53635733985.88667,144241544390.43042
-7811623486.422835,-32268558063.39509,-1499913791496.347
9465829160.47297,30503397924.777206,-430865850382.7494
2782713334.244892,-76973613289.61197,-204837863296.7163
44460668013.39901,-115779051579.77081,-2999827582992.694
-7418420869.124006,28032036233.1539,328880634718.38226
40451759508.61154,-45571338564.0853,1589135365346.098
5888728249.693937,-4063285936.3743844,1502020411990.023
-19112922844.406303,2121349299.2669218,2274282701200.633
17168625276.570677,-18856246827.7333,-3519171494109.7793
-14644027733.608038,-17295157846.024662,-3118665762606.459
80710146267.43353,-51587415241.78569,-3126720488023.4487
13717990957.75051,-51052036372.6615,-2517039733383.492
19969451843.12647,-92201333923.79224,-520707018495.34454
-19071432609.289066,-42161431036.530594,-502490947167.6868
10412855274.403187,6556326001.236139,-458127997947.9511
23322626099.695797,-636329753.4575081,139532627992.8031
13421712041.01535,-70643293854.7251,-1222087724036.4312
58477700097.350075,-56011649103.17612,729758122779.4122
-1837760590.9016833,-72489497816.74988,-280552282216.4332
47329928574.21194,-57565890386.96189,-1145629792001.3003
-25928040966.814594,-499325570.31753075,-3037994589583.9775
14914576126.164698,-19286398794.122208,-2393120880814.3955
43267801264.36264,-25158836966.0124,-3047536341231.798
57696399062.94135,-50065436488.27398,2207490439665.891
-19685243425.625767,-46290547543.100876,-3225483813521.0195
-2720975126.6566114,23912298736.469788,-2869217112384.866
69093589277.67937,-61125718299.19248,36927818065.591034
19733043007.709534,-18147289663.32159,-2086793477263.591
45930481682.63879,-64534373154.61115,-1317257402809.498
42798887054.7333,-67166341295.46451,1856676168042.7761
57054420417.03924,-113258568150.1983,1163721944476.3884
63525629170.03551,-51385268540.07183,-513147968488.63055
-19477870201.19321,-6660223939.582848,-2279982968418.8115
-31773397012.146057,-54126362384.648766,2173536674061.9587
79445177286.94084,-83891627420.59402,2059407410845.8206
72211559411.89339,-71671412544.34099,-2114675219091.6375
-28639132158.499874,-97522104180.4782,80919010727.61975
7543893217.996494,-32732240266.524963,-1447000441449.3428
14284077461.553677,32650837542.52174,-322932529795.0655
-35140181101.56747,-50197966230.55162,2157055466670.2664
54094678368.422714,-54742871357.78755,1173511533829.3472
838770015.711203,-23100604299.19732,-1313415918379.8567
-22904435058.658997,-52602533068.25777,-1024932829598.9999
29351962890.428085,-57537119215.21507,412649779055.0921
-11239909186.406273,-54443567086.06189,-3046544990411.243
14395480122.147371,-74680178140.87936,-3082233619951.144
50052200655.4066,-110070788072.86128,-97152380414.1708
59978949380.908455,-53699957637.12269,-2854966444339.419
75278788123.02867,-68726751357.87488,233958793650.45618
-26490275584.4398,-26390574059.024166,127760336998.7385
85390617668.67462,-32164165234.91186,-3322016599672.3457
8876404716.803493,-117970366265.67197,-709683268663.2168
-4400358986.340397,-108801046417.14375,1700538413805.716
24173597858.337494,-72259853888.94641,1572282401396.7014
51759807700.44641,-48245131065.30832,-1473519075899.1306
2230115853.565219,-104892226421.69643,-63322533662.80736
-9815483606.160313,-53702239594.366264,-2160525194542.201
-4674735734.124335,-7701969852.07908,-1849860631151.4763
27159020509.183544,-46950333019.93098,-2708122604045.04
31682778242.08109,-96340927692.14578,28005660680.615643
3261338563.717957,-24697854700.646355,1822598483586.2744
-15402030665.583208,-56171793041.2745,-150685324724.02274
-1831579450.3803275,-65909640704.620186,143498031275.01318
39339294777.132416,-74113382122.70886,-2124836565002.3027
8927336899.324657,-66961367696.16561,-234206631355.59415
-11976089753.171188,-88465208947.5536,-73607798426.04369
74083976950.8849,-42059314038.61894,-1621354267014.061
19084902959.080772,-126628329300.74045,-2142556960919.684
-19958823045.563396,-51140398640.274185,-2629186294958.5273
8878642066.729912,-43652695759.04386,-2328187402068.189
-15448657871.229776,-103725521062.97903,2045528499358.0798
-22375941718.024487,-101007476336.73247,-130734389460.39627
28652342387.74991,-129188678650.66751,-1272150940474.3481
19058644561.656548,-39798391589.27485,2186176397024.0063
20571475508.12044,-134855319699.95354,1677117750670.1553
5058526020.624898,-31310867082.345783,-1936851665654.982
18640164814.47701,-132262492311.73236,-2061514031339.4924
43854837516.64348,-48527077342.420525,-329376310128.65826
-8906677780.210493,19324076663.01404,1129892097725.0254
49678347338.66785,-35643856614.45032,1974027321425.7114
34677517454.2793,43202122432.05821,1700166657248.0088
40555818527.33982,-114530270541.01958,104463592715.74979
45687782949.319405,-48128101566.10829,-1733624747441.665
-13212489191.397411,-91146338201.00156,-233339199387.60834
18352734278.79883,-106415961925.33492,643634520243.8896
20713412735.59723,-78540402413.1329,601749948075.5333
-4047375186.8182244,-51867498901.6883,-2228184888044.9287
-41677342159.418526,-93839342978.41055,-208679347726.35785
21663026784.475628,-55987088234.79634,394929383137.7132
-36757920620.9549,-78571374348.75624,931869771319.6083
-4809175557.506121,25378891323.493793,-1339686715124.5037
13948794543.207855,7813605941.589343,-1063843349305.6945
15200018308.263018,-87783868438.00835,1829661858182.7153
-18776855206.208965,-19975581610.113605,-3598231722048.8613
-15976800665.257345,-19808117359.11311,-1283551474910.7034
42268827837.06296,-131335556365.43848,708444080137.5273
8014827000.082546,23371558094.138878,-3039977291225.081
11054589349.101044,1084585840.6521153,-1891125609056.9846
-21721683236.770344,-92303727511.55688,-2938115994413.283
37038340647.058464,-96822852417.14436,1829166182772.4385
65107076928.239586,-36741641226.815155,-723562180150.9546
30148764147.22004,-65728706987.61729,-1259015542102.022
1051475085.4604717,-9844029749.697348,-3324618895576.2964
-9845297350.709291,6883813677.763855,360479942123.5019
19196063.746278122,14788525363.494648,-1840566717208.7942
40768502290.481705,-117358749132.99657,-2271804324149.25
13662249290.008476,-70608738672.14302,1278470801955.3728
-7292389995.677561,-59086589975.35433,1108330217378.0024
-35331916438.44585,-21233865309.282066,420332747914.3772
80961528937.77493,-52158733543.40915,1221096373215.88
16515108108.872213,-36767055269.18367,-1681330991657.5056
78828216133.66113,-68177979762.59577,-1730031100717.1587
-4889049699.339039,-41547113676.35673,-1248110683075.9429
6672534309.903305,29874908796.43483,-1910085193500.0562
-6852415587.93263,16955759307.856953,-519096073411.94476
51868161100.98764,-46652421465.86948,406205998721.49896
28695647467.748226,-38476724517.491554,-2833652401697.5366
-12462222201.112663,6521447915.245224,-3314581468518.2007
-34140703051.916237,-68622839184.47391,1553074979248.4888
17613158879.47725,-120142922428.97522,-778953907249.341
46259515514.51706,-63299170665.06311,1212545972388.6108
7832997597.489293,-17232506382.516068,464447859428.9753
47090497574.8388,-125673889465.24022,-3361298875936.75
10144656389.487274,15603930217.217747,-148206947672.6401
-28910380260.09678,-45592903055.898224,807703081045.3734
8537711622.268686,-86134535146.17537,-1983073397663.2556
20264215569.354,-126702214452.11174,-3161046010185.089
72321055863.47516,-58839392770.70467,-1939330042706.3643
-18201572321.274487,-93936955982.12704,1832388072939.2354
-1925810246.8140364,-105199781598.60612,2027808103440.701
75021431850.22072,-49179726226.332726,-381298309355.1105
-3802293632.752956,3432292019.040336,-307194835518.7904
-33410368934.483063,-94471656617.08795,-1736598799903.3208
72134070167.68623,-73539723560.88914,-1124563587064.553
19294222698.370987,-9468839290.297588,-2103646441212.9868
-33456898919.593925,-101330474200.45009,1908474248416.6594
29802597203.085552,-20342989262.704292,-2800194311503.8804
38046442477.32468,43764994149.96247,1463481648841.0325
-3996378676.781308,-26884960140.728733,-3466505981767.913
60339511633.65144,-81071403910.27289,-1962502868136.784
52236523916.62408,-63322770439.26897,-1160747892014.7302
-12079952581.093811,-77504451110.87096,-2107116169084.921
22439909469.890663,34413874247.45997,-1913059245961.7146
21886451378.975792,-101299691303.45764,-1271903102769.2075
32664179764.18533,-89574282389.56395,-2731419348328.0317
24689320802.340637,-54973141489.933304,-1154551949386.2756
-12269635250.50773,-92036394244.9326,-2889539804206.199
45686993169.86118,-91251242828.22482,-1341421579060.4724
-25939318073.11705,-4616514062.028464,-2655457091703.1743
-18398181519.217476,-70772694346.33957,-456393134011.98236
14107673210.216694,-18761007848.705055,893578845875.7585
9248979146.372889,33217738840.042778,2010211626375.8882
-6739359677.598604,-14576668814.581202,1343899956111.8555
-43515010471.66832,-82886784659.12444,-3156213174934.895
-15662110377.365322,5067188185.35231,-782051878563.5686
-25238100593.48865,-15645586667.542158,1784803233552.701
59484946354.68254,-124347858015.58456,-1668691268695.458
62842990153.74468,-40493325616.39213,-458251916800.52014
-6270602019.612339,-87573940873.52438,-2351112389793.473
33500308701.109276,-51167616750.05322,-1505490139861.9565
93610873638.61157,-87196228844.28975,-1807728221277.9822
70358075555.82642,-54072629775.468124,-641527899750.2135
26645727804.714333,-103980270517.5388,-212272994450.861
69013071715.70572,-39849492496.11215,-1165828564970.0615
-30453956289.269085,-20345737630.805847,-2422985324283.549
29648747579.481472,-22370259829.954967,2272547837264.6675
-7413434912.304373,-49714396020.877655,-2885574400923.9863
27452649427.452286,-119503212148.89691,2214182057704.622
65802031748.568596,-56483552180.50956,386255063457.8758
324237964.1002948,-6148139580.856484,-2444547204630.5713
3326840968.7866325,-82748566118.19453,-1011177836963.8285
8198328211.742646,17991514801.107113,-288730926485.9947
16634314202.32014,30684220497.845936,1577858749762.308
31184106175.30505,-24336655822.481308,1692235850683.585
63195481082.140274,-50494624041.818184,-2034127964921.7246
17651148876.661823,-105114322321.95122,-1462614216873.0488
23276960194.54811,-123690689012.21432,2150983442894.3816
84083957845.79086,-39011872975.61885,-3123622516709.2217
38142841335.69762,-49370848098.84216,-2311334438118.7925
85979154792.63962,-63471594257.839836,121440475517.71432
4677260056.568804,-80152382822.43492,-2116038326469.8962
-30098969638.900284,-10741299049.564018,-1972044619784.6042
56689990364.45911,-63701478519.81407,-339661574891.895
-2059756242.415699,-95782701719.80698,-790726198243.4055
-16661549226.52679,-30631406894.66835,-2000669874728.0676
20577777282.40564,-130769278391.88991,-1002503517283.9939
6094480862.133305,-6131451305.805668,-3047908097789.505
49140416659.17172,-116504385388.71011,-3323627544755.745
34673359564.125786,-58780441397.984375,-1756177978609.24
89798917486.61482,-80934644078.00937,-1535354583331.1104
9313437770.554285,24696559448.753403,-1651218710483.2144
-7100337246.854389,-18966040363.983223,1267813780634.4282
-37573924552.56373,-85300770234.60521,145852489473.82684
-46504492129.141075,-90029763789.5029,-1867209270511.1511
38845917259.81627,-28405796986.4751,539170927528.13983
25195028369.406216,-114664483960.48166,766809859697.5723
44889553542.62168,-116595933995.78172,-213264345271.4162
11850016.615978895,-24307459245.987938,1744529606467.7441
66293808464.79863,-81566817968.99757,-820218885154.8519
53752487534.15933,-78910385009.39096,-2286550667604.973
54041439570.29318,-125256540692.71355,580311986581.0795
22472280693.85135,-43765374619.50253,-1904013169724.1729
56033699586.76056,-114138330902.41087,-3363529415282.9946
-17387501321.777798,-21453179360.667942,-1794097147495.3826
-10890184788.526636,6212078483.794007,2081093210045.412
-24460729972.634792,1872787620.6619158,2130660751073.05
-11854555766.009024,-99474627827.5431,-1099779816550.734
-8903073025.400011,-4089718890.851135,712409483419.7378
-34893814253.72828,-98908843403.19275,-1409948704531.1826
-7752371726.720869,-32438303309.657112,-1007336352534.1874
66986458339.94566,-82901970024.0259,1498550684118.0886
48721444521.670685,-60254882508.95903,1639694257194.2878
-7627333184.293123,-75900472180.78984,-2126199672380.5615
-35665700197.66612,-40219228627.438126,1561253623518.0513
33488756378.470394,-103588218016.37778,1673400185093.0823
65456697446.184395,-82691837702.34978,-3251135016002.8213
-27927007909.01663,-74854271119.24213,577090096414.2832
3849325600.7437086,-49929932986.85062,853305218790.8022
16467517396.971273,-37520648937.02799,-52665512341.866135
50078611454.43162,-117656751218.20636,1737218394166.1685
26227561390.07105,-63939246696.46757,-2796104989369.098
3268740894.79108,-94783062328.39212,1256785002755.7805
52014312186.56767,-100913135918.55885,2244170420026.3413
-5407297607.686313,-23939504127.961327,-2011574733754.147
1085032506.5281005,-34580702006.87071,901757490145.317
-34230634349.92785,-49873311247.41758,1748247172044.8164
-18734680963.80934,-82754573551.99469,-3457459905530.3687
83173397719.23305,-68915781311.25159,-1322833751175.108
52910951106.894295,-152645749623.31445,-2491512449754.259
49685146590.14351,-74433519429.56894,2094476446122.8733
6137698424.4419565,14892355789.859129,1811569705707.6265
61360901314.69747,-56361594622.59981,1456170436539.456
-39352861541.987175,-84361462493.27446,1530149991523.2075
77392065621.72804,-75679386989.21527,-1128776828051.9014
57775093707.95986,-47815571214.176704,-316736587166.6107
-35623959382.519295,-75085066861.00795,453295162697.75476
55073932737.41586,-56433857690.0699,1048229573881.9893
41886059622.1057,-73501336629.80992,-1854941304106.8103
-31051187629.3249,-86563865809.51308,-466182723364.94073
25168729278.270004,-69612563991.90648,-1070906723902.135
43725547244.03274,-25127319876.287575,229745552663.10477
55195955123.47337,-77746299286.62436,-855907514694.7507
81420069207.54951,-43934353076.227554,1058886595202.933
23039326506.77747,32057142363.2348,-923567208197.4778
71458949424.66437,-43964839648.47183,-1045999034535.7468
4093420143.6266427,-91470638311.2737,-2051724441986.5347
60164399253.70101,-96594345508.47034,-1946889092713.0781
-21352388519.14365,-18044328873.565384,-872140884381.3014
32628091683.46324,-116109061280.72974,2019629459171.1396
12305376574.061567,-95434602498.88028,208059753463.51334
-21302257250.189495,-36892927469.867836,-1352946032349.3994
59186511560.94908,-36732428499.79576,460358537294.19586
-21513821832.779037,-61199586668.10969,-1134353176417.5112
11455807455.390617,-96994637365.86089,169025314904.2495
-57664650.409803085,-45085700599.57876,1392600065171.5112
49355563811.37952,-96898843464.87715,-2950631798522.762
30671429807.272038,-102658967833.29276,1774765806494.6045
45274542216.12659,-46147225620.83805,-779325663807.048
-27796353897.041573,-118697244.1004303,1423084102903.5068
-28854398411.595417,-1647465371.0204358,898907356536.2278
13038580500.939085,-91776965418.9063,-2919032491117.6426
30160496372.77067,42276406633.29088,1054177678805.3055
-26439324111.47069,-89515295321.15077,2077375644468.3398
-124201760.54868467,-1152600804.920152,135443305858.0236
50248473593.34732,-92559040265.33351,-244491896118.828
2788407396.8460307,-28135167398.94049,-2579618753930.888
78312130479.17653,-85032935496.762,1715160838408.8699
-21840204883.023857,-95177308.70465907,1157402082995.3647
-1144975960.198702,-85695767946.22647,-3139360210985.4966
54231685980.02567,-155560290827.7931,-3553620935123.9883
-12652474022.381334,-80597628902.7324,491338250436.4696
32781955789.46374,-62887962523.48934,-3156708850345.171
27992318283.23545,-71466546365.33864,-2403530064430.201
-36117487844.15075,-38417357083.01053,-909688296709.7402
-9162542179.081942,-56085694289.79742,118466423056.05573
13679881957.574066,-56106175957.48649,-1117376293615.5466
33464221801.333984,-60884665041.44035,-3310244308678.281
22260181576.13855,-41836376184.97972,-1100399410813.5789
-32709435932.886066,-4526414081.833231,-2856453470570.2495
32424389495.557236,-21113513849.74153,-3561056066278.133
20704279831.89814,37106813452.45222,-1108206298525.433
-44599279344.37684,-85338211084.77518,-103720079600.33253
14359048032.77712,-125324913742.43973,418473965125.83984
-20198701240.813274,-81104506676.66397,170016665724.80096
-1323263594.6949048,-34439853727.339516,-474485286487.07074
25227121539.288822,-99263005655.699,-2852240229582.9014
52983417690.756935,-89209320546.29138,2245905283962.3105
9885549629.054335,-82275101091.30927,1810950111444.7812
-8853626880.237139,14787094002.355904,2169075595369.4695
17632192783.012936,-53839986748.97235,-1252819599473.5671
76230328460.72948,-45996435763.37459,1786662016341.2383
59545139923.68701,-70430418830.39348,-2631540753157.3374
84185719983.97612,-68087929052.41239,-160970589487.2566
48898133554.64041,-72977327786.9202,-3265881359458.545
12317111133.0041,29958162683.70418,-3341224021820.5547
47183201595.59152,-117527970793.49364,-1145258035443.5935
10104316217.978428,-66919087004.86922,2088900097757.2634
26054609897.158245,-18764465130.910946,370641288034.1697
26142256257.925575,-134577699590.58333,-351805622443.66406
44589281064.52348,-132072218562.4031,-250440001042.1448
29800685741.153618,-103858702612.44829,-446479625806.45557
57025296134.680504,-47949030970.66475,-1217874483049.0825
36580491456.61533,-92048692901.9474,-2439838288232.945
44751384860.93776,-63708290130.95611,-2241444205269.821
41525130590.625275,-60592070882.27041,-776351611345.3926
21862182907.661736,-47697925504.31809,-1761754326974.8496
-39884054796.84086,-18403566638.860058,-3438995996497.5737
-25874336318.064354,-86197876495.55283,-769288236748.952
39359599904.695694,-105516160439.05176,-1630028586693.8987
16544802135.417816,-79950110851.153,-327145770782.41644
-45115588526.16604,-81823417881.27911,-194800436238.62045
35380460575.80276,-75193144340.61003,-570398478375.5521
82345512967.25977,-55113529891.732346,-2941957478842.9272
-18724427221.523823,-11741956532.087507,-1528786884144.9456
91868588237.26123,-82323376604.3168,-458623673358.2271
30346018415.902946,-17955228094.450005,2066842541999.9646
56987083238.45968,-57084008161.97845,-899898707356.7795
38403536230.23143,43778690211.74811,-888993848330.7003
-10619265649.351036,-39599744494.12705,-406949511836.91284
-36961709124.53774,-77713792811.92764,-2586434290822.188
29476321397.172585,-86491408701.22928,-1214156917472.0103
-6299673206.460342,12202781520.141556,-110039941081.3563
-30546367172.540886,-11024241785.927563,1147364655937.2664
-24423661848.68748,-25850844513.23946,1304865517552.5884
47291597305.74635,-114423977077.89021,-2997844881351.59
87807778894.86977,-31284876826.606743,-1649483846547.2458
-7803206698.619841,10899238590.36122,319091045365.424
47918034078.899895,-78332751938.48392,-2871199814025.9727
23788281359.986572,-54608207658.51738,-3366503467744.653
4885727401.443683,-915483061.4708323,1783687963879.5798
63441519761.87826,-51844266622.84257,1181938015804.0466
22137169538.18785,-114224708903.31213,-1963122462399.6318
-36939104365.43297,-81499320941.29425,-2071551458397.5916
-15490210865.050095,-60455798645.16447,-539914440643.55383
43415980838.360756,-100760558320.415,1864111299196.9236
33678037680.916874,-101510789515.74796,-582666444779.8926
40888175878.95348,-55744827435.286835,-47956595944.23922
26350779029.225018,-35331721339.48923,-2631416834304.7686
-3773916356.781979,-23684002560.639973,-2920519517348.4736
56905041128.86595,-39829580952.66906,-2883839536988.0205
123517773.09331171,-26967280316.79262,-2796848502484.5146
-31642189380.305244,-14132566588.070736,1386280203690.4873
5936678752.548189,33114968304.759697,737317172786.1259
-24273634319.930164,-94084750197.99875,-1379092910241.4775
59577321579.06535,-57602237368.988075,-3165754926582.7153
35013166897.328766,-120576154333.13948,-3107760903580.3774
-18862998483.34073,-50689521349.265335,-2859303604179.339
62968665793.97302,-76851421979.48128,-3402687772694.827
-11232831807.740316,-103818159703.22812,-3203550176616.2896
10440420800.103283,-115430914929.1671,-598404139056.1677
-8943206366.430296,-107250238792.83742,-960990701673.345
-25898663068.41462,-48138941438.866196,-306203484698.2385
29655717395.344273,-98107094053.18489,2081588885455.6877
46998512040.55004,-23654365354.110233,-1159384784636.4688
-4785297012.971134,15810139307.799456,1878609804947.5066
32402494442.026367,-32896210187.671974,-113261831248.15286
37608773902.020706,-100622262090.69186,-94302246805.08119
71705805198.05406,-70161315933.40778,-842524278617.2887
29274777621.644413,-81177163680.67937,-2461524087432.5366
-2369094338.754619,1367460523.5080392,-404842891343.24
10567608635.720661,4895107186.442274,-1569184430082.471
88307715337.91743,-31362841354.261818,-1615901837501.023
-30906159728.114937,-53114330007.98654,1787529448309.2214
5922570247.927887,-111039720140.67062,-2235991775756.783
35142537706.04093,-120488770586.90462,918362616389.578
50627708094.933174,-108061932752.15614,-1871422511498.499
8982310117.760675,-69812652133.19485,970532453321.1653
48582170274.39889,-65779533267.47623,-2066594704294.8267
-25733886417.941063,-58222974936.04045,1618875889962.6812
48614795885.17611,-80685788044.54468,-2808992550036.2866
78492382785.12085,-31182861739.68336,-412649779055.0917
31000207252.283573,-53048692806.220634,1599296711256.7622
52843724328.85971,-134806926156.59338,-2899825068969.4336
24543986976.463367,-10656504333.967781,-3114328602766.539
-32079036176.585716,-65271744901.50777,57002672181.78361
24566228578.978966,38843356920.1095,-2098689687110.2214
24689387657.800655,-12213657390.086931,1476740966065.927
39822069918.86336,-111906835822.09082,-3108256578990.6533
-20561203425.84464,-82354258795.3048,186745710821.62796
63128724848.77269,-37007331954.129326,-740539062952.922
-11845070661.386374,-27242257943.622803,-1674639373618.7722
22684442671.88056,-116165369198.4444,1314902944610.6875
11512875984.246563,2034743299.2261755,1226796640434.058
-21358054009.77503,-53853790841.230965,-2437235992328.996
37284331171.93032,-64687832944.87097,-1312424567559.305
29449337696.50817,-67897744476.57651,-1979727588643.89
14040708835.309109,-81270709924.71178,-2595604285912.3013
59686922919.28164,-132114195688.94286,2137971963374.6267
85849233761.91672,-68300105347.6541,1397185062716.5667
29193039546.955402,-80425845937.33711,-1273637966705.1763
-19959445901.370384,-100604500025.52374,-1619123727667.8193
-9907984453.279911,-89231691954.67242,745619735908.2559
-19152365501.40649,-102787739789.7009,-2602543741656.17
3305610067.0205507,-23470577655.07439,-3318299034095.273
117789816.20763087,-79366481704.35208,-3459814363729.1826
51436494132.5717,-80693994109.454,-2324841593048.823
-32717889659.659737,-70132823788.62604,151552756692.00568
64232201619.47779,-71280663180.04195,-2752733390969.914
37010418929.008484,-111922972094.47887,-3426480192388.094
-14905316177.1402,-19030535107.660152,-2345659960280.4326
-2428488318.8843055,532472926.057548,-922451938524.3569
17468474993.111332,-28519143854.1857,1990136772259.693
28184303346.342438,-49602455765.4804,1872042105761.3438
-10136874410.703848,-12130772994.138666,-148206947672.6401
8050968807.062124,-53678531840.865906,-2249127174129.1064
13265799491.94426,29448473227.192127,849463734361.1578
-5544817622.505311,-41518953246.48169,-466678398775.2192
10555715000.907698,31402949884.87911,2276637159399.447
-26259572945.757996,-66246967779.93148,-189843682135.85513
17775279049.2894,-23296015672.975574,1732137721210.8347
16079907439.476805,-25948575655.663193,212149075598.29532
63004861260.29433,-63835123226.92442,-2389898990647.599
3192465365.1110344,-100604028453.78012,631614391544.6866
972107797.7574817,-71631159468.45425,-1990260691112.2622
6397760957.353545,-86331734371.46704,350070758507.69867
11685938120.585236,-4071602474.8168755,-2857940496801.0776
-18111665992.911568,-79002208156.44992,-1031872285342.8684
44152431432.97978,-113288690606.58505,-2658555063017.402
29382669130.7721,-114387638728.96832,8054725416.992482
21340378746.343098,-116909199323.01808,161961940307.80893
54105868710.462166,-76033163214.60677,-846241844194.3613
47673497009.40243,-18694217221.536053,-3356713878391.692
35691662701.65426,-39957207720.014984,2034499721479.432
76595082729.6387,-40470296391.72172,-2895116152571.806
-26527860744.92914,-26114345241.631737,1583806854685.625
-14930974482.650646,-73337711424.14432,-1357283192189.3164
18361339128.330616,-20743688659.918903,-1075739559152.3282
-948769845.4990644,-65223833735.08234,-1881707776261.7334
27993290567.901447,32907316593.772285,720092452279.023
43092095502.70429,-118252291455.42628,-269275666632.6475
8046617175.978714,-92039225054.51189,-1557164301383.271
47773671014.72585,-31398702163.3471,1513668784131.5186
-34356583195.289856,-92015386067.8487,1691740175273.309
16735657149.04999,-63750759247.55949,845870087636.6543
-52454171372.085144,-87597775804.57138,-1961139760758.5256
7713509192.111594,-41905213896.57319,1271655265064.0732
-1714911279.4708066,-101406595247.02718,-1065949969799.3701
2853794908.0722404,-3406542212.592674,-2363256437345.2446
50833545469.10688,-34005920966.89429,2005254872273.1235
10828697695.058216,-60007808711.37706,1458029219327.9937
11646610986.935429,-115510951589.02628,1811569705707.6265
-19595051126.009212,-7459008277.703312,1829290101625.008
-5461526694.651665,9034920827.113884,-3235892997136.8223
46945784985.149086,-121417301281.22044,-856898865515.305
56580084149.16826,-123980884767.47101,-365436696226.26636
43304895909.42274,-58805487528.74935,-3185334105288.632
-538300457.0697764,-40994161402.742805,-2336613884042.888
48096756234.85269,-81426090883.83907,-2832537132024.413
7491872355.070337,6597782793.381377,1182185853509.1846
-14223179547.704723,-806123578.0163409,222682178066.66754
1278575289.0927334,-99801905246.19518,-1563608081716.8638
302074170.2322804,-1138323230.3742576,1658282085079.6523
22189852385.538128,-64970034766.82139,334828739641.69946
33608513370.52594,-21766604538.44082,2034375802626.8625
60422008221.83308,-122484905297.68245,-2845672530396.737
23585931351.05503,-99896448258.91672,-1735359611377.6306
32893401731.19493,-122047045361.18616,-3194999775789.021
-20751826374.163223,-38858603945.049286,-1835114287695.7532
54972467339.032585,-44233971325.36319,1696201253965.7983
77036200696.49178,-41611874960.19162,-888002497510.1484
-4008079519.8824635,10801770022.196482,17720395917.3818
27294419440.939682,-21042206321.287106,2219634487217.663
8718557378.076263,-35307491383.26982,-1999058929644.6685
-14773555533.875307,-98614076393.33873,-126768986178.18617
24877445236.79426,-32330045109.030937,2012442165722.1323
62080031123.1974,-31141716500.97144,-1147984250200.1106
26168942729.308605,-53893841764.45207,-925054234428.3085
55037534208.98849,-118053432666.61703,-272869313357.1506
68955822819.2423,-59858211620.33051,176212608353.25574
-49490058411.850746,-75368404342.61119,868671156509.3672
73072926946.13084,-59365835532.5269,655530730090.5233
11735076010.167328,-123559745810.56519,-3465638549799.9307
-22183546613.630554,-51994868066.15177,-1988897583734.0032
34865623900.672295,-60431511255.283104,1049840518965.389
1073647181.8916795,-49065707327.97289,-3585963755644.5215
-4815821585.798972,-52333331494.93761,-1826316049163.347
5056262842.292125,-85343037246.6234,-509430402911.5555
35105256799.792885,-105205247800.826,942650711493.1185
55977092190.934784,-111149018624.02899,666311670264.0334
15036092067.024563,-82599020611.09654,-2249127174129.1064
-31569841663.12341,-45470887786.12867,-2441077476758.6377
18745091772.001366,-36104387100.05732,-3442837480927.2153
33715503192.797234,-52214682625.287476,508067295533.29706
-13805333935.426304,-74603022616.33803,-2401299525083.957
25359482617.72285,-83553935200.16756,-261964454331.0689
18829250273.09047,-126001478484.09262,-638182090730.8484
63721685516.40979,-42753798763.11506,-1880344668883.4744
-43654875816.82348,-91342062321.05602,-2651863444978.6714
2981670195.91613,-90413488771.63557,1462614216873.049
32798367314.806255,-75149149692.84258,-1295819441315.044
-36302331761.18921,-22923127914.959236,-2805646741016.921
32236401674.203384,44213502379.431404,799524436775.8124
18759156725.340836,-43360002208.89942,-2793378774612.5806
-12583749751.929756,-106525376917.10558,-2272547837264.664
34490317335.5036,-46626424617.64747,-1841186311471.639
-5763998034.719955,-40934790920.22976,-2773056082791.2476
21032935531.593777,-82578161769.3654,760366079363.9791
7672813616.376909,-73731131990.16882,662098429276.6849
776046467.3669441,17858617988.015347,1230514206011.1304
51156027947.93478,-32713803378.86539,-2650004662190.1333
31046930632.59073,-34779617469.60779,-1295819441315.044
-28946018553.79879,-121803299.75669195,-1065454294389.0941
30978828667.746464,-77722132143.26038,-3604923340087.595
17549004373.22609,-62707578530.71526,-3499964071961.5703
38697852961.33082,-108469636281.59807,1761754326974.8496
31848966120.10174,37981956957.54746,-1973035970605.159
28823428491.760174,-28539560649.116226,-408932213478.01953
-25291398792.120106,-72330232822.92871,1998935010792.0989
5419255521.686514,-36388952856.40509,1373516561875.8682
19844011227.393898,6250439203.929273,1204243409266.4834
28556893611.501965,-92521319169.33269,-3144069127383.1235
-7613969212.640513,-37410076638.82113,-3424001815336.7124
-31441668351.67821,-85546507829.20274,-696423951438.3243
19048266319.339024,-36913226885.391495,-2637488858080.655
32189204384.832222,-40452239619.44215,-2033632289511.4458
56376506732.67645,-153724561586.09985,-99011163202.7081
18405565984.90971,-116325061761.96121,-2332772399613.2466
34789493896.33592,47307281315.64948,-2866490897628.3457
49985187338.74822,-72775793556.4896,-1076730909972.8802
-29411996623.939392,-6369188831.130988,-2949888285407.348
-15668056383.103271,-26739009515.08273,80423335317.34422
20995246874.078667,-106725434122.4985,-733227850651.3464
-24222611308.60749,-2877462824.51148,-3131801160978.783
60796075144.93303,-126212226785.69038,-2590895369514.6743
-26190347790.347607,-31612893774.308777,-744628385087.7015
48155710405.90853,-64014549918.68071,1848869280330.9246
42637638202.98424,-69219037975.02779,-964956104955.5552
81154385941.01767,-60988786612.050964,740415144100.3535
24929416529.701096,-52033629333.90309,-33458090193.656483
28804180181.34731,-53097803762.65964,-1414285864371.1
37675036379.481155,-129358357831.45206,-1468562321796.3657
17297571220.822346,-40193140773.95431,-2731915023738.308
14003761891.607845,-49038172223.97937,-520830937347.9131
3938255949.180357,28968713339.702225,-3140847237216.3276
25934845950.776558,-50281576574.48969,1079828881287.1105
40039704241.40442,41968704946.1205,-936083012306.9564
68730315794.44763,-51210517236.73276,2196337742934.6716
59512859521.09239,-139002635000.0937,-3387073997271.1216
22543308503.006203,-72957507292.35835,1145134116591.0244
-25261982504.8989,-21162213552.595192,361347374091.4873
65639428446.41229,-48132213180.12938,-195296111648.8964
19235154514.53559,-16266450934.310072,651441407955.7408
-25611026587.03861,-70879694734.55177,-3115939547849.939
62004389169.54435,-53627279333.56314,892463576202.6348
51901874813.46868,-107651118992.43005,1075119964889.4832
-26990490688.767857,-34972472886.8131,-3082481457656.2817
33574326275.636246,-42492852296.705414,-857890216335.8569
46084546894.06665,-42885821549.897095,-1216015700260.5452
62577032717.990746,-37046732994.7177,974373937750.8092
-2729497216.982885,-44579536769.36994,1901039117262.5142
22486138837.778652,-44136254716.01856,-185754360001.07605
1044019226.3998555,-21997280695.04417,-763464050678.2039
-22019792028.50407,-21086155604.59319,-2230043670833.466
25159258231.00192,-61900978975.55336,-1329897125771.546
-43429482378.527466,-86352825610.86212,-144117625537.85812
68783760514.73033,-51325801191.926605,-2769462436066.7437
50023049236.05832,-108722556649.5805,-2636249669554.965
24849981804.119297,39339462041.31257,-1924088023840.3657
53598493419.93396,-120459473399.0839,-910431809825.1542
38461844443.28857,-22937787016.444782,-1477360560328.772
15343084891.268984,-30537881248.30366,204342187886.4408
26929557837.237835,-76124163255.3474,-691467197335.5591
71820776489.8734,-40789939657.16552,-316240911756.3348
-28177544372.211197,-47902137811.36813,2200055308511.7437
-7808105313.714542,-886159641.5160555,531611877521.42664
-11059899227.32273,-11408857898.517435,-2384074804576.851
-15196597295.370163,-6749299459.079313,721703397362.4193
-46095059097.620384,-90443794676.51268,1246623656845.1128
63102472238.35896,-69808038742.61879,443257735639.65894
-30370353276.742107,-73898415153.96504,-284889442056.3536
-20893315218.620773,-17425346582.858036,-201987729687.62714
52794079264.19795,-146134060479.54706,2182210993741.793
84886730785.54622,-29006334482.136974,-1762745677795.4014
11412043107.34085,-21261022050.60384,1548489981703.434
-35104329995.82401,-14515438207.981964,-884284931933.0735
48280725398.79744,-151350958410.32697,-3483730702275.016
25419379194.13077,-13267586809.119493,-2174404106029.9414
11337713998.340212,-8571473328.645237,-12144047551.771557
79907566457.6883,-54633906082.012825,1773526617968.9146
48837532899.81352,-84548240567.61105,-2123721295329.1787
15600659639.209929,-60076415537.860115,-1610945083398.258
1502209272.9956489,-23032894925.75917,1811445786855.058
-5749444046.781366,-4084959573.929949,-773625396588.8716
-19940997194.702484,-50319111161.8365,-764951076909.0345
62268801363.229645,-36553788155.81293,-491214331583.8982
20380711390.20574,-37601519879.50878,-3202930582353.4443
-2705085849.8831034,29307985914.728065,-597908463645.8917
47072752923.045204,-104376178750.66235,-1635481016206.9392
-14252721471.293844,-23932858194.96205,1933010181225.3406
-15954847405.80229,-20306692078.708206,-2541327828487.0356
16392893254.531422,-23747982084.920868,-1212793810093.7485
18646462192.12139,-10470889122.0745,-395548977400.55774
58462537327.0688,-130412092902.10435,-628144663672.7521
-4338321751.408322,-36397141345.283966,382165741323.0934
-12568043502.062193,-7138130508.857791,2142556960919.6843
6875389403.403502,-102407608193.87723,-1345386982342.6829
23076908139.296974,-49495712689.31314,-3384347782514.6006
-4252255768.6608825,-93878819402.46776,595554005447.0786
29078726559.170105,-118848265038.18718,1618999808815.2507
-27368818735.09981,-61199768959.30952,-898535599978.5205
20829216633.230236,-31451786730.33783,1033483230426.2686
35363510506.56206,42366381662.2656,-553297676721.0182
5746210650.7493105,-44654660751.141464,1104612651800.9294
41380762881.9727,-36865108199.0031,852066030265.109
-2628498717.5738583,-31933483667.763573,538303495560.15735
-15896683796.132673,-94422809172.81255,427767879068.5218
11002788956.401423,-105900791774.4134,1116508861647.5615
22165954764.934937,-123686184636.39868,1263724458499.6497
19533401873.56958,-122372276061.27179,502738784872.8248
34494504024.39855,-34957014876.39571,1576619561236.6187
-18010336397.198906,-90148845198.40356,-646732491558.1165
11248657319.590017,29710180637.88651,-88849817292.04324
25437147666.845417,-132782778267.8456,822697262206.2351
-30622542000.8047,-28474104440.37627,1700538413805.716
-519972960.3882787,-106438743849.26662,527274717681.5062
21978855902.732166,-91527053976.62897,2275769727431.4634
28317920120.532524,-45003470517.72527,-1685172476087.1472
43665471697.821945,-49453522376.62092,668913966167.9846
30048023837.69719,-131810641513.35031,1177229099406.4192
56546121139.21791,-31074676658.491432,440035845472.86273
-18123145417.807125,-97638468221.96994,-2936381130477.318
43919077350.93801,-25940469288.427505,1349104547919.758
-25375781847.801113,-42970499295.266495,-2447397338239.6616
27636191552.160965,35279823030.69726,-2108974951873.4587
6232315440.002715,-34798099566.086655,-1487274068534.299
82631304736.83307,-79452105266.31184,2191752745389.616
-4516034466.866475,-19291791373.06,-1436219501275.8325
-13875158731.685896,-38089624079.49753,-1310813622475.9053
-14784549432.314543,-20945621092.429527,740539062952.922
37783817545.42284,-26935784468.493996,10657021320.943708
-29098560793.854187,-10942401710.780798,354283999495.0463
-29619991161.389336,-87189443697.13393,2039580394434.7634
-35225248680.033325,-95087458998.1882,-3409998984996.406
26080975221.682014,31719101857.596565,-1527052020208.9797
31042833860.45464,-106001100164.86421,766685940845.0033
-14471134035.208889,-34040846051.588413,-1101886437044.4094
2603503296.1384277,-59151591216.39883,-2370319811941.6826
-24812598640.03393,-75507407025.31113,634588444006.3452
-17458919735.547787,-23832355850.777225,1265831078993.3245
24541791865.51713,-42759724266.23101,-1218494077311.9275
-8719019485.10857,-82496040011.05298,-1373764399581.0054
43580134222.856,-40248769417.4176,-1769189458128.9941
33357824375.61576,-92681341563.35938,-796426465461.5847
32557679562.649223,-20167810363.857296,-3519791088372.6245
-32099202350.22188,-44666988509.2596,702743812919.3485
16910417184.331081,-128258185637.2552,-427272203658.24585
-28372543022.850384,-31541919738.377007,1651466548188.3528
75181085589.99829,-54776490172.46785,-1160004378899.3137
-25519505325.88379,-102610516714.59422,-163077209980.93228
25746384377.735806,30453445181.99634,-2658678981869.9707
29257515881.61935,-33151657522.155334,68155368913.00326
47876830159.530495,-100104511349.58926,2175519375703.0625
61965672430.42156,-51345334081.73649,-3170835599538.0474
-22179148038.367966,-18526695745.305122,-3171331274948.325
12764887559.689281,-36437866111.09575,-2772064731970.6953
53810257713.86408,-123179481390.15085,247094192022.78003
77443141462.13593,-39920273683.94921,1008575541059.88
-1030419905.5839232,-15432776770.002684,600262921844.7054
-8370045983.429505,-84146135380.40862,-3310616065235.99
-18497878968.570347,-5967603126.380917,1498922440675.7954
56987229695.67321,-43989115621.21362,325410906846.4482
17667800600.11225,2668458151.6301413,-3328460380005.938
-7571495278.691813,18544696476.151062,165307749327.17447
34757154315.05419,-112468055079.754,-565193886567.6488
58802122799.675735,-111430327048.2533,-600015084139.5675
8093840356.9547415,-109941626598.4452,1923716267282.6587
14506954281.440601,-64661220922.07592,-594314816921.3887
80881145728.62134,-82002758674.46945,-2306377684016.028
-22726533244.271057,-88192603200.05411,-1037572552561.0474
-32245881726.654236,314666720.50892997,-3633796432736.194
51556403459.311905,-49378419140.72409,-1969070567322.949
-32251022632.846294,-98889988419.9543,729510285074.2748
5699542710.497506,-19979711787.92232,973506505782.8237
-30935954206.999832,-62730859607.56596,272373637946.87466
21910655025.859623,-9017226593.068588,-2025329726389.3184
56297115019.32838,-115368557141.1207,-3023124327275.685
-24136365035.08225,-85866196873.49258,-1234727446998.4785
-36122387491.489426,-106383377.28566706,-3130933729010.8
-8538388405.081771,-75964658861.33183,-2164614516676.983
-23450484102.098988,5800745228.046447,214379614944.53668
63169726155.861336,-68674511681.14544,-3038242427289.115
13026577780.360382,-101934365430.15085,1976381779624.525
26591600462.56191,-67245691487.94225,-287491737960.30524
-13615535781.076832,-92851737471.20802,248952974811.31485
18422285667.937298,16626734639.777853,1352822113496.8308
-446718883.3701866,-3837974537.5633254,1924831536955.779
7199620010.441416,4820292691.3854265,2153957495356.0396
54666206888.83782,-86394191266.0198,-2944311937041.7383
53908504378.29359,-110801861560.97614,-2139335070752.885
14335341587.98377,-49819211655.900856,-160722751782.11862
-24318356456.618546,-66640133810.31291,1112915214923.058
1813537045.1285827,-12256456594.790304,-2781110808208.2397
33673654203.927315,-37816484089.32327,1366081430721.723
10663527267.646801,-107172623595.70041,-528885662764.90564
11739567556.788052,-121540995058.73842,1287392959340.3474
33151990047.367573,-63327285878.0641,-3461177471107.441
-36266883252.92751,-24585070362.071323,-2544301880948.6943
-17077850172.959291,-7958359800.098287,-3488439618672.643
40137333201.33364,-67836261386.92607,-1486406636566.3162
49034734614.51107,-117064816065.0369,1198543142048.3042
-11530582742.894028,-3230891804.618257,2101415901866.7427
-25257133902.21379,-99783646040.05325,-229002039547.6909
-38034264695.34356,-73901404711.77313,-2956084228035.8027
20323450819.347214,-120431709256.12303,-4337159839.91705
-21859105752.236176,-15268468813.343983,-3164515738057.023
65067252784.573425,-64451752651.79024,-1855932654927.362
12748047071.889963,-43307691027.77014,1324196858553.3694
51973046129.32902,-88615902363.31128,-1049716600112.8191
-4100673975.303377,-33894262630.232437,2129421562547.3586
11684482706.05368,-882239411.2406063,-3343330642314.2305
-4810245231.237302,-52338907848.87957,-2074153754301.5403
67095906230.20744,-36445965933.929,-2878139269769.842
3198041718.4333177,-100609604807.72209,383776686406.4935
-17072273818.397795,-7963936154.040255,-3736277323810.836
-47835531702.46857,-90696943028.66522,-1556668625972.9922
-2363517985.432158,1361884169.5660834,-652680596481.4336
44504687286.07303,-95331381473.6971,-1010806080406.1217
-3022741146.6389027,-108080533717.79431,-654415460417.3995
18037102930.074142,-127641684393.307,1047486060766.5753
17174201629.892958,-18861823181.675274,-3767009199247.9736
27192571910.273125,-129328931679.29878,-462836914345.5752
31016889975.274067,-109049963065.88693,-2414434923456.2803
49622503103.29146,-101917310577.35901,735458389997.5881
-27643281539.56996,-34472415430.81001,-1329029693803.5627
1759465646.1422184,-46772675356.2905,385511550342.4614
52988994045.31861,-89214896900.23338,1998067578824.1167
-27921431554.45514,-74859847473.18407,329252391276.08923
21668603137.797913,-55992664588.73828,147091677999.51962
81462483604.68556,-36353497658.01237,-2846539962364.7227
-11839494306.824701,-27247834297.564762,-1922477078756.9656
-15195692387.862885,-98814811638.3052,-1627054534232.2402
42804463408.05559,-67171917649.40646,1608838462904.583
26147832611.248035,-134583275944.52528,-599643327581.8577
-18492302615.248062,-5973179480.322871,1251084735537.6013
11047272119.299986,9545069213.007097,-3235273402873.9775
-4818408272.88423,-64614549403.29552,-275223771555.9643
-21508245479.456753,-61205163022.05165,-1382190881555.705
34871200255.23396,-60437087609.22507,802002813827.1946
65561396430.19562,-30809904876.212265,-3642718590121.1694
55043110562.31076,-118059009020.55905,-520707018495.34454
35657208219.62114,-96747562446.68939,-1321098887239.1394
-3796717279.4304943,3426715665.0983787,-555032540656.9839
-3768340002.2204833,-23689578914.581932,-3168357222486.6675
33679230557.24977,-37822060443.26524,1118243725583.529
47096073928.161095,-125679465819.18219,-3609136581074.944
31402016144.181065,-127872446956.2957,751443921979.0042
12753623425.212242,-43313267381.712105,1076359153415.1764
-18729104609.247665,-82760149905.93668,-3705297610668.5625
7678389969.699197,-73736708344.11075,414260724138.4914
85396194021.99709,-32169741588.8538,-3569854304810.539
78392078605.52132,-74476582487.24998,1178096531374.4026
13685574539.345081,-54859538165.21785,-884037094227.9353
69099165631.00168,-61131294653.13444,-210909887072.6025
61971248784.98322,-51350910435.67845,-3418673304676.24
1759465646.1422184,-46772675356.2905,385511550342.4614
14340917941.30623,-49824788009.84282,-408560456920.31213
-9809907251.59864,-53707815948.30821,-2408362899680.3945
-24007168509.561954,-27308995412.578114,-2895116152571.806
37289907525.2526,-64693409298.812935,-1560262272697.4985
12629529946.196033,-104505700413.65015,-3292028237350.6255
-14767979180.552845,-98619652747.28069,-374606691316.37976
21892027732.29808,-101305267657.39957,-1519740807907.4011
23005142677.149345,-65224213449.33699,1099160222287.889
52372269978.54436,-60995410273.858406,1218246239606.7903
-23710937862.93758,-72978630659.20299,-1521103915285.6626
-18117569063.245453,-97644044575.9119,-3184218835615.511
73446351314.04395,-33528695751.551273,430741931530.1805
44158007786.302246,-113294266960.52698,-2906392768155.5957
-5455950340.090169,9029344473.171928,-3483730702275.016
24934992884.262592,-52039205687.84508,-281295795331.85004
27266800776.35719,-41820870140.14537,-1832140235234.0947
3687318607.258543,-13598144656.386463,-913281943434.2435
-17413206881.26426,-62992746818.319466,-751196084273.8628
-2631107055.7610655,-57532420185.18742,-3706536799194.253
-9132713266.865383,-6039552700.468073,1596694415352.8108
93616449991.93405,-87201805198.2317,-2055565926416.1758
-17254853277.02177,-5486814479.818993,-3142458182299.7236
-18106089639.589287,-79007784510.39188,-1279709990481.0623
22555363731.720352,-115817374873.10394,-1294704171641.923
5751787004.071597,-44660237105.08343,856774946662.7365
48847966402.50402,-106654845339.28157,-499269057000.8902
14512530636.002092,-64666797276.01788,-842152522059.5818
-6043371103.896068,-43456631665.510765,-3732683677086.3335
-37609145525.985115,-73004161019.48949,-1072889425543.2388
87813355248.19221,-31290453180.54869,-1897321551685.4392
12770463914.250778,-36443442465.03771,-3019902437108.889
4098996498.1881375,-91476214665.21565,-2299562147124.728
41386339235.294975,-36870684552.94506,604228325126.916
-1289535300.6823413,-69667485382.89334,-58117941854.90739
-2723920863.6604233,-44585113123.3119,1653201412124.3213
15968432148.80452,-113750506514.25919,1390245606972.6975
-1317687240.133411,-34445430081.28146,-722322991625.2648
-7746795372.159375,-32443879663.599068,-1255174057672.3806
29465601908.358086,-50738961961.203636,-3623139411415.25
-32240305372.092735,309090366.5669759,-3881634137874.3877
44288059215.59453,-118118542717.75761,1393591415992.063
-27517066457.03175,-20783640560.824112,1050336194375.6641
84892307138.8687,-29011910836.078926,-2010583382933.5952
22678449625.306953,-52482479663.54603,468413262711.1854
-6846839234.610345,16950182953.914995,-766933778550.1384
20718989090.1589,-78545978767.07486,353912242937.3398
-22014215675.181786,-21091731958.53514,-2477881375971.6597
31005783606.845062,-53054269160.1626,1351459006118.568
44895129895.94414,-116601510349.7237,-461102050409.6093
-23444907748.77653,5795168874.104491,-33458090193.656483
-3796717279.4304943,3426715665.0983787,-555032540656.9839
43938095752.22524,-50373601394.8962,-2876404405833.873
5576354.561672074,-5576353.941957354,-247837705138.19354
28323496473.854813,-45009046871.667244,-1933010181225.341
71746370034.44247,-77072840185.99524,-1321842400354.5562
-32093625996.899593,-44672564863.201546,454906107781.15454
18834826626.41275,-126007054838.03459,-886019795869.0416
-3808068081.5138474,-62730640979.14531,-3425117085009.836
-7746795372.159375,-32443879663.599068,-1255174057672.3806
-8101038045.956199,-104976256111.92268,1466703539007.8313
41530706943.94773,-60597647236.21235,-1024189316483.5858
26356355382.54747,-35337297693.43118,-2879254539442.962
17780855402.61186,-23301592026.917538,1484300016072.6406
30984405022.307964,-77727708497.20235,-3852761045225.789
-3105174305.716641,3767328873.9511304,854048731906.2162
-11036924111.94314,-55193131261.032646,-7311212301.575654
17379947112.04162,-49620124916.491165,-2851992391877.7637
78392078605.52132,-74476582487.24998,1178096531374.4026
34678935918.68729,-58786017751.92634,-2004015683747.4333
46265091869.078545,-63304747019.00504,964708267250.417
-2723920863.6604233,-44585113123.3119,1653201412124.3213
35369086861.12356,42360805307.70404,-801135381859.2117
-27790777542.48008,-124273598.04240708,1175246397765.313
-32222836738.3906,-63384043536.03182,77573201708.25461
-12264058897.185446,-92041970598.87453,-3137377509344.393
20718989090.1589,-78545978767.07486,353912242937.3398
-2508103579.3640075,-48343208902.32143,-2853603336961.16
56382083085.99874,-153730137940.04178,-346848868340.9021
68735892147.76991,-51216093590.67472,1948500037796.4785
-12264058897.185446,-92041970598.87453,-3137377509344.393
32787532142.78603,-62893538877.431305,-3404546555483.365
5705119063.819963,-19985288141.864273,725668800644.6302
56695566719.02061,-63707054873.756035,-587499280030.089
77811032766.53851,-58742758306.284676,1903145737756.1875
17474051347.673008,-28524720208.127647,1742299067121.499
-34871575327.85995,-96938888080.47995,-1635976691617.2153
3422729976.671851,-27249900172.672295,-2908747226354.4087
-9723683015.802198,-93075714024.56567,-1135716283795.773
63410259828.556305,-55135155178.25827,-3236636510252.2397
34723671997.48574,-44059484388.893265,1636720204732.6294
-16426305338.611687,-18948486192.9386,758011621165.1663
28323496473.854813,-45009046871.667244,-1933010181225.341
-28633555803.938377,-97527680534.42017,-166918694410.5738
-19288380983.978394,-12797137553.464645,-2562270114571.214
77051865345.56117,-46724737830.466324,-3133659943767.318
-26184771437.025146,-31618470128.250736,-992466090225.895
80842506016.21832,-65448741338.240265,-1280825260154.1829
-5441089345.6729355,-83513414050.13133,1351459006118.568
52618969911.58504,-41477839199.01239,317727937987.1655
-28633555803.938377,-97527680534.42017,-166918694410.5738
-17240094822.976604,-100568489990.74149,-911423160645.706
27164596863.74504,-46955909373.87294,-2955960309183.234
19240730867.858055,-16272027288.252031,403603702817.54767
10834274049.619884,-60013385065.31902,1210191514189.8008
-17381924967.2163,-21458755714.609894,-2041934852633.5764
41733356060.77035,-114052448156.20299,176336527205.82474
44594857417.84594,-132077794916.3451,-498277706180.3384
26356355382.54747,-35337297693.43118,-2879254539442.962
-25868759963.50268,-86203452849.49478,-1017125941887.1451
17426369.93844183,-24313035599.9299,1496691901329.5503
2859371262.6337357,-3412118566.534628,-2611094142483.4385
24179174211.65978,-72265430242.88837,1324444696258.5083
30351594769.225227,-17960804448.391964,1819004836861.7708
5064102375.186571,-31316443436.28774,-2184689370793.1758
48587746628.960556,-65785109621.41818,-2314432409433.0205
52155474715.510826,-96451679296.13666,1189620984663.3296
1813337700.588015,-62669438613.90041,-1850851981972.028
59264663575.22579,-62916294159.155426,-3377408326770.732
-15484634510.488424,-60461374999.10642,-787752145781.7474
22200314990.5712,-29129393820.0375,545490789009.16364
566156028.4755406,-23813196401.58224,-290094033864.2564
49145993012.49401,-116509961742.65208,-3571465249893.938
4682836409.891088,-80157959176.37688,-2363876031608.09
-4779720659.648675,15804562953.8575,1630772099809.3125
-13206912836.835918,-91151914554.94353,-481176904525.8019
53362133407.30571,-123168984703.3439,794195926115.3401
-14899739823.817915,-19036111461.602108,-2593497665418.6255
52618969911.58504,-41477839199.01239,317727937987.1655
-10613689294.789543,-39605320848.06901,-654787216975.106
-11525006389.571743,-3236468158.560211,1853578196728.5486
34871200255.23396,-60437087609.22507,802002813827.1946
-5481569295.169004,-11463617934.642416,-3634416026999.039
80715722621.99501,-51592991595.727646,-3374558193161.643
-13771842891.4922,5898424119.218562,-1713921649883.1768
-33451322566.27147,-101336050554.39201,1660636543278.4663
-43649299463.501205,-91347638674.99799,-2899701150116.8647
76600659082.96117,-40475872745.663666,-3142953857710.0
18487213689.297226,-1376001454.9522648,-3436889376003.898
-15191020940.808666,-6754875813.021272,473865692224.2262
-35326340085.123566,-21239441663.22403,172495042776.18362
-13206912836.835918,-91151914554.94353,-481176904525.8019
9386540303.49021,-19668259848.231686,-2479244483349.9185
-18771278852.88668,-19981157964.05556,-3846069427187.0557
38851493614.37777,-28411373340.41706,291333222389.9463
-14465557681.88643,-34046422405.53038,-1349724142182.603
34723671997.48574,-44059484388.893265,1636720204732.6294
-6073313105.696626,-60926907974.538445,-2103150765802.7107
-2054179887.8542032,-95788278073.7489,-1038563903381.5994
-4597764256.34107,-89800014980.0045,-236932846112.11185
76073025395.90831,-34373015034.030304,-981189474642.1086
51978622483.89068,-88621478717.25325,-1297554305251.0127
18411142339.471382,-116330638115.90317,-2580610104751.4404
-4074229075.0491734,-98461101338.00345,-1307715651161.678
14386251843.064112,-41760840890.01788,-1844532120491.0042
29806262094.476074,-103864278966.39021,-694317330944.6487
33363400728.938217,-92686917917.30136,-1044264170599.7783
9891125982.376797,-82280677445.2512,1563112406306.5881
87813355248.19221,-31290453180.54869,-1897321551685.4392
1345682318.1440175,-267510995.7515589,-1254306625704.3977
28701374465.502132,-104077645628.44699,1302634978206.3464
18427862021.25958,16621158285.835878,1104984408358.637
2235692208.126714,-104897802775.63837,-311160238801.0009
43941908628.748695,-89551383418.23,-1200649762541.9768
-36956132769.97625,-77719369165.86961,-2834271995960.382
-27643281539.56996,-34472415430.81001,-1329029693803.5627
57796014346.659676,-42561206875.70702,1698927468722.3164
54671783242.1601,-86399767619.96178,-3192149642179.932
16550378488.740095,-79955687205.09497,-574983475920.61
35148114059.36339,-120494346940.84659,670524911251.384
18741297824.082855,-131368433731.73927,-3487943943262.367
-44593702989.81534,-85343787438.71712,-351557784738.52606
-32222836738.3906,-63384043536.03182,77573201708.25461
-11571921896.146393,-81745636609.28427,287615656812.87463
-1139399605.6370301,-85701344300.16844,-3387197916123.6904
3266914918.2794557,-24703431054.58831,1574760778448.0813
34871200255.23396,-60437087609.22507,802002813827.1946
54047015923.615654,-125262117046.65552,332474281442.88586
27044911312.147175,-112731241844.65236,-1978612318970.769
145473654.67124432,-91813173070.29224,704602595707.8859
-9538502867.262608,-38343907611.860916,-1354680896285.3652
-3112952481.430237,-97818924919.76883,781432284300.724
-18117569063.245453,-97644044575.9119,-3184218835615.511
-1123935908.3356934,-57716095635.55256,-3572704438419.6284
13232389847.826075,-27867401568.157944,-1273637966705.1763
65645004800.973785,-48137789534.07135,-443133816787.0896
22135441479.87537,-86846460129.18695,-1065826050946.8013
64092979200.026955,-96897784349.27989,-1939453961558.9336
3266914918.2794557,-24703431054.58831,1574760778448.0813
17618735232.79953,-120148498782.91719,-1026791612387.5345
-17381924967.2163,-21458755714.609894,-2041934852633.5764
40893752232.27577,-55750403789.22879,-295794301082.43274
11740652363.489614,-123565322164.50716,-3713476254938.1235
-32703859578.324577,-4531990435.775188,-3104291175708.4434
129094126.41577303,-26972856670.73457,-3044686207622.708
-14247145117.97156,-23938434548.904015,1685172476087.1472
67938865918.77947,-73074565886.34184,-2092245906776.629
31402016144.181065,-127872446956.2957,751443921979.0042
-8455430004.79487,-90342700043.83203,-2609111440842.332
18785403856.06301,-32845700570.42064,693202061271.5287
5379520313.341651,-38300633038.701416,1479962856232.7231
82324917202.89822,-44507102985.21651,-2062009706749.7712
52019888541.12935,-100918712272.50081,1996332714888.1482
8099416710.277203,-109947202952.38718,1675878562144.4653
19849587580.71619,6244862849.987315,956405704128.2899
-26484699231.117344,-26396150412.966125,-120077368139.45547
-9900410417.766304,-3981334925.6010995,-1136831553468.8938
20834792987.791912,-31457363084.279785,785645525288.075
54047015923.615654,-125262117046.65552,332474281442.88586
-38362124139.58169,-13904744089.20473,-2480483671875.611
28323496473.854813,-45009046871.667244,-1933010181225.341
13044156855.500753,-91782541772.84825,-3166870196255.836
49990763693.30988,-72781369910.43155,-1324568615111.074
81159962294.34012,-60994362965.99293,492577438962.15955
-4803599204.1836605,25373314970.17142,-1587524420262.6975
-14465557681.88643,-34046422405.53038,-1349724142182.603
-30930377853.677544,-62736435961.50792,24535932808.681503
6291377955.789718,-68581298693.07457,1556668625972.9949
57030872488.00278,-47954607324.606705,-1465712188187.2761
78825441568.24672,-43141385944.200615,182780307539.41788
-6324540938.192631,6000062834.350497,-3493520291627.977
11461383808.712898,-97000213719.80284,-78812390233.94447
-22173571685.045685,-18532272099.247074,-3419168980086.5186
19738619362.271027,-18152866017.263546,-2334631182401.784
-15971224310.695852,-19813693713.055065,-1531389180048.897
-22639821521.621937,-19417224072.732464,-3614465091735.416
9319014125.115955,24690983094.19184,-1899056415621.408
15205594662.824509,-87789444791.9503,1581824153044.5215
29344031445.681587,-43525191158.58576,-3434039242394.808
35018743250.65124,-120581730687.08145,-3355598608718.571
89686389634.16556,-78495755790.61072,-2170810459305.4382
29654323934.04316,-22375836183.89692,2024710132126.4744
-13686299101.550163,-33419350092.236153,-1677241669522.7236
48286301753.35894,-151356534764.26895,-3731568407413.21
64555465866.41011,-64117273332.33306,929887069678.5021
25174305632.8315,-69618140345.84846,-1318744429040.3289
-18392605165.895195,-70778270700.28152,-704230839150.1759
32898978084.51722,-122052621715.1281,-3442837480927.2153
49293877745.12703,-68019366007.82308,-2639967235132.037
123366169.52991726,-79372058058.29404,-3707652068867.3755
56302691373.88986,-115374133495.06264,-3270962032413.8784
27299995794.261967,-21047782675.229057,1971796782079.4697
80715722621.99501,-51592991595.727646,-3374558193161.643
50084187808.993286,-117662327572.14833,1489380689027.9753
-22639821521.621937,-19417224072.732464,-3614465091735.416
15606235992.532207,-60081991891.80207,-1858782788536.4514
8099416710.277203,-109947202952.38718,1675878562144.4653
5774988091.674886,-14887952369.98915,1245756224877.1294
50254049947.90882,-92564616619.27548,-492329601257.02155
-15195692387.862885,-98814811638.3052,-1627054534232.2402
5705119063.819963,-19985288141.864273,725668800644.6302
40361637459.83176,-22555105313.45173,-1335349555284.5864
71327853472.2112,-73627671955.64369,674490314533.5945
-18718850866.96215,-11747532886.029465,-1776624589283.1392
1090608861.0895944,-34586278360.81267,653919785007.1239
62256303942.48185,-126464029788.53192,1796575524546.7654
