0,0,0
110552.78997364474,-137038.1353782125,24535786.631177876
385238.0820947611,229518.76268577957,10942642.465608587
744336.2009894253,-749152.8171263823,841570.4683621837
329734.3502876612,-752195.4391518043,27512452.547051463
544753.2519521073,-316934.05800368317,26188871.479746405
-16832.09263118106,-761668.9930094487,39835448.690926015
738211.5860902207,-716128.8548400999,9111447.465005726
580973.5315281604,-684922.3135527538,37705919.18566566
613954.269387079,-1270250.8613599674,43315275.786296554
-34332.243815091366,-715287.2161099088,17807675.638081413
-63330.58531483621,-699720.058190668,6891749.695277999
693731.8310279544,-836675.3193136604,11835419.602680618
-223099.68259695487,-269525.7853492464,29063124.05820027
314791.2130112874,-911302.237630668,35512937.93874311
380215.5727860901,-1105718.8968490493,3337338.973743083
277909.2762392951,-688433.1290327203,-3204869.5481675514
482681.5644202668,-888952.2141866739,11262127.550820138
675638.3675320502,-653931.3589485628,44828098.89013805
469366.1738307274,-698243.5546377767,33908833.381984
-138750.4844618463,-187457.0863028646,30121766.27435426
73903.06162958317,-1021484.2951015716,15014685.816493234
111809.51609295356,-961764.5929574266,33091753.059526566
-183240.2868291091,-856566.1858259501,43433273.762019284
916173.9160602678,-842131.504084511,7261328.260749208
333961.3941541998,-231424.5563739863,18186159.711154357
12147.829562663781,-777851.8694332447,18856299.15818348
97347.76611904426,-638202.3157881915,16573149.646793537
48105.652252533866,-932595.4906937927,30993392.83087221
309368.84377304185,-674314.8226411428,10062110.401488908
22278.842577775336,-207860.9622582118,-5145157.0168914115
529250.4947821546,-914751.4493697789,28962937.097680956
225688.20229796533,-351680.62692315783,13045455.44806377
230943.02821421975,-1117824.521060842,18673736.252348293
-39866.15230967134,-345282.7131453534,12196092.660550117
865072.6067855813,-820880.6698242497,40731565.39334869
187954.10546286165,-114848.53058184797,35497353.300440095
510297.4237252427,-993369.3801138775,17681885.343207188
34545.83574692078,-948555.0323823338,3323980.712340521
570767.6984901838,-1246036.9631277528,26373660.762482025
491373.55056611565,-1125197.0157049904,15726013.236180311
332621.89393546333,-302765.62349164765,-2659407.2075624345
375198.23746601585,-592786.5362665411,-5785240.375764752
888624.3350716716,-719948.8860637146,41344932.22941688
348849.63919528003,-1320243.725936833,18985429.018408377
-134044.56880931064,-1000494.7336512023,15197248.722328423
817511.0846653753,-494146.8860315,40011332.4660599
247220.61371505744,148531.2451375843,-4052005.9587807767
755015.0431173694,-829349.1615769032,14887782.33316877
180821.65046126785,-926358.5973377095,35553012.722950816
11233.628757646811,-241621.9869174858,29344760.736104537
492429.34713863407,-839485.2127337737,4967046.864857127
269591.454872881,-1149101.027192947,22586593.654852282
220973.42438519784,150277.40244796788,36038362.88724433
574564.8191366639,-838622.5719991778,21819606.81265448
786941.680468824,-784713.1830790926,11519274.082819683
121157.59953710403,-188707.28365540178,22104583.05590941
9469.711605332439,-808984.5982390274,562160.1673583444
100716.90982188926,51590.84916304782,16899313.862706393
-291858.72091415885,-921433.1957299677,36803123.35254171
494199.2995645817,-578843.8567751835,19877092.96703019
13238.798827071188,-516220.73986087687,-3954045.375161914
122414.7373914248,-551352.0838654067,26040817.415867884
448496.2997408909,-1228152.548319901,25369564.78038854
362708.27936281974,-814484.5397272232,17671866.64715524
22095.847198228035,-1044364.0275402621,5001555.70681377
538298.2044160663,-492479.7379737922,5680600.661444633
600539.4818445984,-1120288.2929675155,25603334.354933575
669763.8343922703,-1273040.3406671942,42901169.68281675
336150.57676798746,-744821.8180150451,35362657.49796414
418464.11160754255,267838.5444548579,25631164.06618894
222178.68431817341,-269664.25208872935,26243417.713806916
522273.75614317897,-476302.2523854779,34571180.50986163
469950.61198250594,-1318098.4574296535,691290.0275832106
-170922.5633691206,-382278.8432976954,36449129.42537349
126392.04199323058,-555195.9644001651,17216572.57101752
469478.3136410989,-482762.94535655767,16787995.017684944
200820.95511173405,-497622.5668550007,276070.73565319885
158828.02996328406,-481050.4782782873,40056973.1925187
505207.615851846,-589504.4274175225,922833.2252278446
572612.508386655,-649509.6854415919,-7728867.409839278
239737.3452547525,-512134.2345879194,10192353.450164013
217195.3299215657,29636.18941479893,40449928.71544442
339298.3922800217,-886263.0891722277,40722659.88574698
-174680.8757504202,-915595.1876479706,13366053.721725559
365076.4274358551,-558152.77661784,28695771.869629487
234239.58856809433,-979409.5020028953,8243160.473838418
691374.214897638,-783942.7338746131,36153021.29761645
-13212.590842145139,-84001.28908302425,11365654.076690095
-107084.72151013685,-275619.4029171581,44389502.64075354
325221.3682271998,-377771.3160142603,16652186.026758771
309349.903995881,-917147.5926629282,17187629.67131194
833295.5654532507,-627827.273591804,29774451.477887325
217404.10104609537,-13029.888586266998,8576003.820452554
6549.750351397701,-871325.8495526777,29345873.92455475
178760.55508427188,-178720.6402641301,14485921.302641343
288644.30098832224,-446256.7590720052,21385463.317070838
-253519.27530562613,-788336.9741813753,-6405286.342534248
162380.59806850497,-270729.56932346645,37953047.021613285
-139114.44967437067,-122551.50704728518,9041316.5926422
83197.83672749363,-933744.8852399036,5016027.156666571
-145674.59191824688,-987510.7195775547,20017354.711757217
336253.1553804965,-1159927.6229472305,37512224.395328335
181778.82666337313,-562591.3224260428,3142530.994955545
614638.4898553755,-1288681.0596922352,40089255.65757492
711551.817283524,-768299.3235951561,-4658693.664147686
233443.01742927052,-629802.5168331758,18820677.127776626
228215.66439171223,-870236.8110724491,3429733.615110904
332537.4198302919,-1252922.0359020086,27489075.58959695
-106056.39366412348,-1053840.1136688632,-5828654.725323128
-108195.96525352531,-254007.76436858063,11969002.216706363
115588.59208823781,-350906.8657181,24156189.369654723
231859.18244232942,-792928.0836310749,44879305.55884793
192573.28239530404,-439890.72092004784,12333014.839926502
-136620.23023750912,-782798.8342448772,14002797.51524826
313122.15163755417,-1177399.2574941122,15131570.60376575
446501.35441870143,-501839.12506185693,34340750.500667214
387156.9478658846,-585100.5182831592,25445261.59500313
354424.46521338436,-383951.74019896943,19299348.161368858
208356.24280152624,-226214.17906733847,-2573691.6968959197
229371.96646362444,-387326.6216524567,15320812.64030222
-219792.41459469605,-478310.8729828776,5620488.485133028
279255.8294196792,-432047.70190893434,32989339.72210682
762664.811786427,-804765.7751333844,-5973369.223851009
411703.9048310938,-1289354.2244270253,43642553.19065963
-35721.50459281809,-948401.4447777804,21721646.229035616
460549.49388062715,-675217.5499742153,22812570.910245825
155919.23539212212,-1073426.8989161497,-1159942.3651234952
314227.85744651116,-608448.9131265098,30970015.8734177
354779.1431169323,-1298776.341523247,22604404.670055725
-44501.18699006979,-186277.22086118566,-1467182.377382697
143999.97058008504,-860056.4866888111,26106495.534430556
253474.4862351241,-131999.47441868216,3145870.5603061854
720811.4532855729,-793431.8440833291,7967089.738185219
-162505.8400067487,-770679.646071488,-1709857.459529466
83021.62029825506,-890751.3575574302,26959197.887294848
736678.0364749657,-628567.3945502496,41135652.80077656
475675.6792348918,-377524.54150877945,33190826.831595637
25697.116496650506,-229717.6925921186,-923946.4136780327
-13289.757566448327,6435.053753095323,21047054.028205633
236901.15690858214,-628480.2495653512,6308438.947365598
34153.79687902474,-983448.1389260566,6752601.139001187
201611.09742028022,-895768.7395390244,22106809.432809837
541663.9794659453,-312387.8622581787,6065763.86521883
238684.35292639016,-540752.3371141885,35424996.05117614
175169.88568872274,-781228.4201016811,27030441.948108587
61260.63600426106,-239968.07126186797,-5886540.52473428
87971.8879511516,-571264.9955209418,1127659.900067304
5814.976700539006,-865855.7557225719,7675434.364229005
190634.09363244788,-438126.0024000663,41865904.424117275
76294.04039623697,-700510.246619725,-4006365.232321999
211499.8747732547,-941808.7633197234,7637585.956921722
583413.6333085147,-1280594.6328838659,-1693159.6327762383
-202755.81176815223,-1007809.9414265023,12065849.611875013
38309.28665063456,-847218.0534426955,9881773.87255417
-61453.98545014378,-338408.5827630958,33799740.91386297
188182.63266564257,-1188543.4274901953,25959554.659002226
-180731.2668950208,-445724.66168974445,40422099.00418906
424661.1743250222,-769580.9821724417,12751573.697207157
-26598.98488794809,-374046.7506399111,26099816.40372925
-107646.17806447165,-143232.55571358863,26451583.95399704
662734.0843500737,-1262869.8607633892,44542009.458432935
-45923.70986095422,-702864.7970925012,20014015.146406576
618331.8174675383,-1293781.4374190974,10397180.125003472
27584.70016951702,-555545.8893396847,-6990823.467347076
341851.06676747144,-408396.9532504256,29325836.53245088
68501.35719871588,-1038192.7356317757,39554925.20147196
51794.88133859291,-996454.9765334051,14654012.758623732
312983.3349561485,-1039463.7816976587,33760779.31810548
878581.3480009867,-828684.6776949272,6645735.04778059
556271.8121249109,-1052532.1310604296,33368936.983629953
624616.9547869132,-526282.0971636628,29442721.3197234
479292.1218707473,-1055861.8657231997,38784598.79392352
295613.01074446825,-173199.1268702497,4450527.423957586
-190947.8217745329,-645246.8493303398,40066991.88857063
787785.3135418013,-619034.1153659776,-3084645.195544367
31769.958793267815,-602325.7660608991,33307711.61886816
18890.048215627285,-1096162.910184289,-122450.72952358524
-98510.80898116592,-701833.537253937,11638385.246992653
330344.3679181678,-790358.8856555412,8580456.57425341
549313.9901978311,-1095090.3768004898,22277127.26569265
368333.02571585175,-1071938.8635922994,38464000.52026176
414254.1292018957,-1126570.939226837,4639769.460494056
430818.70593953383,-1006091.2240453288,14894461.463870075
15769.994176396047,-837381.8720142777,24897572.877497587
786800.2851309031,-557304.6181744393,40986485.5484478
273371.48129733384,-1183566.6360307916,27469038.19749308
126792.28065177905,-699960.4532290992,10135580.839203073
180246.432081321,-930991.8332024209,-1047510.3316518315
450392.77589705563,-757765.6531911972,7360402.032818309
384663.05637434,233509.0948652271,-2431203.5752684665
340480.4071572428,-766023.2395765751,5392284.85283906
309932.67602737574,-398663.3567006543,31662419.089451127
143626.6352262326,-259142.9622817374,18557964.65352599
523727.4095071834,-953681.9692805873,44250354.08447672
57378.650033661455,-348848.9446113276,43369822.020357065
90805.58542684531,143168.11561420272,8400120.045318646
167019.4340648245,-753067.9039759604,40746036.84320149
544617.68106106,-1143088.596107008,42383537.053467005
216867.0084020963,-127269.64368114948,-2583710.392947841
699454.1576103752,-413759.7319446747,-5961124.1508986605
210298.60894930625,-1099559.1682820583,9954131.121818097
714964.5657022832,-429311.27806826704,44428464.23651106
297942.5902217962,-748292.8010452504,40004653.33535862
441850.2199163835,-945728.5238409165,23326863.974244937
508351.409358351,-1198071.1198747382,39281080.8427192
-233977.67959326674,-290595.5109764033,39254364.31991404
297529.75985454395,-651639.0364827064,10876964.347045915
37729.41133586078,-1080011.2657386076,39937862.028345756
-62768.78316001543,-251947.35130708644,3744765.9465216002
216108.96575079777,-1075366.0423657787,28794845.641698565
-62071.05668794619,-563831.5056376951,43435500.13891971
312532.19251633674,-406821.298512114,38607601.830339424
21565.280543594723,-172753.18947253985,16549772.689339029
458329.2812612419,-1075100.6945840714,1983701.8182822631
690417.6771759,-712966.6492433827,35115529.66201651
331312.66797868593,-911942.390974586,16303758.04184162
814714.8052828618,-806026.4465573124,37345246.12779616
-169870.4940854895,-479360.59243032977,21448915.058733057
770286.3233689183,-438183.1876031943,30631606.584552493
159332.88817631072,-948251.7726065477,35756726.209340066
642889.3158264373,-702178.0071860006,-3577787.6789893997
-13879.752810630205,-1081172.5832818847,45018454.11512474
190250.29386188753,57781.90841068791,2969986.785172302
810852.5827264249,-774488.9741016992,16466283.555572942
199794.1409571106,50946.37288425291,30113973.955202766
-137822.56720477986,-446660.81490050314,14823217.403056335
209742.6060721683,-51242.72881332483,-2300960.5265933615
199667.69769928788,-41897.97390616686,464199.58373945596
542417.8976538482,-941427.1181732756,39602792.30483117
485902.274072355,-1046119.7119740326,5735146.895505144
-114980.28696457978,-784788.1356626633,31696927.93140777
617733.6181803257,-1003036.3741637496,16208023.835123183
563697.9473011965,-1321505.6415258509,240448.70524634185
69200.03779573891,-943679.9812288391,24633747.214796767
236212.39989678992,-660958.3048022613,27855314.589717522
19930.940452701216,-251876.8226223588,20272274.866856333
654131.9438778125,-381437.3151527581,24420015.032355573
691508.3611746349,-498534.53955210897,12387561.073987015
250805.52719161255,-321216.4214040164,24867516.7893418
596160.0379708129,-373618.92550846294,43151637.08411502
-119933.17937112688,-150659.76841288008,1069774.100656152
-141231.7413424027,-194655.2375524083,-1501691.219339366
-54172.05201552118,-963418.170857197,32949264.937899087
126308.3369565655,-557156.5707908047,30225292.80022422
-23157.335124808233,-720946.346882711,24994420.272666264
585451.3902221121,-663966.1631969278,1864590.6541092931
389133.7761017071,-1116606.2102260329,5072799.76762751
174191.7617735272,-775561.6186990361,2179622.985520015
-185007.70464740676,-393254.8551667136,-440822.62628492207
226180.510179501,-569678.1243458992,518745.8177999677
-57793.50959874239,-768538.4978988877,28347343.884712335
495952.15410611156,-767095.9635553804,-5560376.308821424
314238.0379890316,-539464.0262307037,21817380.435754053
59871.029592652114,-679831.4770843227,-6708073.600992596
231561.18350832997,-706326.6773102444,44117884.658901215
842270.2700512767,-457244.07805251953,9676947.197714685
353452.67770042986,-1149675.8919861703,8987883.5470319
359492.2227160026,-1203780.978871528,32412708.104895703
16135.390292486913,-524613.0915795948,21791777.101399116
-69342.34925435869,-959603.0579673208,41141218.74302763
-47022.231875226615,-285197.37348742015,38912615.4656982
560432.6284475962,-729731.0414543744,25839330.306379065
-44368.60876145511,-1040415.3992855212,18574662.48027922
46570.14064263552,-1024291.24225227,36281037.9693911
11355.745096492172,-632799.2519839089,26696485.413044237
812279.4719342892,-769574.9228194288,9827227.638493657
831509.563554899,-409118.2448154778,14578315.94400914
-102497.51801050532,-792570.0382756927,13097775.305223854
-211058.73696992215,-836569.4604275572,15046968.281549448
579026.0152474107,-1003433.2450616647,37448772.65366612
584244.7675015735,-940750.3634780907,2603747.7850517347
359583.1417926844,-851785.864913435,8525910.340192897
427767.27453589893,-630291.4142971431,42395782.12641937
691755.3505633344,-852811.8090033049,15256247.710189788
-92875.46039869789,-311416.94531870383,-5707317.184249757
308874.5878562452,-861080.8534151372,7401590.005476234
136623.20891829676,-146352.3519216769,31306198.785382476
201448.2664587693,-1160801.7942397436,4861293.962086745
-26003.322690794143,-1024661.7472232996,12145999.18029046
643224.954378117,-1197789.336252953,21608101.007113736
37649.6577063143,-748780.236428583,34197149.19058955
200799.54982252957,-730966.6192495619,15113759.588562336
757984.5167783259,-562295.263884152,32200089.11090472
156550.0878250133,-1131308.075355078,2233056.031130313
802675.3948762849,-556725.9381713687,-1388145.9974174635
659999.910730804,-1241649.9459869252,1092037.8696604471
422432.5587246963,-532783.420253046,41465156.582040034
178442.54892557606,-733486.9710335329,3404130.2807559683
-15944.339914706468,-446625.90923914645,37280681.19768373
817084.9516850113,-417929.2465092904,33986756.573499024
355445.95624555374,-512673.48964501166,10303672.295185464
28461.66139225349,-191242.5815828368,41105596.71262075
-74978.94805877695,-513068.8056205943,25690163.05405033
630196.3225248386,-953516.1145920062,3977422.332616423
-139362.7494528543,-258715.54361992003,36462487.68677608
235848.09478330496,-509557.88511908974,23777705.296581805
540908.2209994242,-1040751.1922474605,6715865.920144116
527116.2785531454,-425755.59177970904,17730865.63501663
369766.84115998953,-1178372.0929402993,-5563715.8741720645
67217.94738453087,-717433.7821072445,24289771.983680464
31698.562693174772,-728377.355242925,5158515.278294025
-178961.65015105024,-706379.8957052918,27459019.501441162
223956.35240911556,-1075784.16745905,-2810800.836791621
285227.69514894584,-1080054.8164998037,41727869.05629067
72144.41680493545,86690.38212892473,6378569.819729124
12421.260327379858,-37178.11755199346,-311692.7660600559
122591.23651487057,-139391.14794997542,15494470.038535677
793882.2749920095,-445767.88076378487,17947937.38280844
55919.873219814595,-1084623.78488852,-3903951.894902256
505121.49793468683,-941522.9014293037,6790449.54630847
-76348.56178393071,-204084.67234541426,39078480.54478016
491072.7363228671,-745706.9698112332,7015313.613251824
53688.0489651001,-83088.2476737972,-4620845.256840402
270746.2615096938,-870858.5271959251,12370863.247233788
-210726.41856958598,-336801.6912589021,-5227532.962207287
-136688.75126126327,-323691.7446828937,36197548.835625015
-156777.9880021348,-440394.25223136484,1511709.9153913127
-111674.30585269822,-326815.68818030617,19013258.729663737
-142772.32637545557,-657465.823000626,26142117.564837415
-217129.93955108395,-897545.2412589383,-3561089.8522361973
366686.5674332269,-806665.0264104691,25234868.97791258
206631.18483163105,-1023060.6175309835,30736246.29887267
740517.3039389758,-598025.0851691077,30111747.578302316
272533.68882359326,-1283619.4533461672,36171945.50127008
274238.5593992389,-300002.09160198615,12537841.514765961
187213.3685505296,-613664.6520329709,40702622.49364311
836225.9787675026,-577546.0164686872,24393298.509550422
663876.1575692934,-491864.7394205278,16889295.166654445
-103159.92520603258,-631105.188400923,18994334.52601008
563957.5037860039,-489546.6796291622,31729210.39646401
102392.18579278319,-144498.639686852,13764575.186902342
440127.03582113533,-1218736.7094807483,25006665.345618613
278859.61589471996,-1317097.6064631366,-4570751.776580744
376901.4362886433,-1074698.6056185241,26546204.972265266
86866.92251269995,-653813.5638347372,-6534416.202759115
130292.29676665193,-27707.438856402146,37849520.49574333
118985.44832812143,-703957.3083923039,26867916.434377268
306855.33363749424,-238894.72971950631,9699210.96671898
538904.0551261699,-380616.14249129803,12202771.7912514
56213.855213290895,-527367.8706822043,-6769298.965754389
-62243.894334204866,-100560.42520561873,10712212.456414167
-226161.09249940596,-954021.6188773445,15996518.029582419
181726.13407732366,-628064.9397634079,11473633.356360905
745652.5225429664,-425172.7138261079,39741940.86110798
412966.1545692283,-1044111.3583724337,-2813027.2136920476
141249.78131820745,-381779.4800578176,632291.039721845
885435.1877518999,-730227.0668732678,40858468.876673155
516284.2278757851,-452850.6589292923,927285.9790286985
583189.6875997792,-509591.9723954671,29616378.717956882
392593.44340990274,-1285692.4407450596,33512538.293707643
92174.50752801428,-1117386.3634671513,-5459076.159851921
393011.44632973993,-1092731.997226532,14817651.460805267
601098.7981271594,-1098199.672663001,19298234.972918645
101361.55785453014,118816.17988129266,6180422.275590946
686263.0646747117,-1007440.6981847843,9339651.097299693
836727.4969365059,-724927.4992293007,15256247.710189788
106969.87717503063,-1007753.6818501459,20896773.58742666
586860.7767011828,-719569.3129561545,-5819749.21772142
236965.9576231401,-475728.590549112,2247527.4809830883
286436.32836574875,-739813.885925827,4877991.788839972
850044.3004516186,-536804.4698447569,8238707.720037539
-37461.52810125786,-778554.886966829,44888211.066449635
266630.3234239083,-582735.7937844675,1142131.3499200793
587199.4877643054,-615321.9723198041,2925459.247163737
85586.36330697007,-419442.92781463574,342862.04266608425
-297988.01140522794,-909008.1184998036,31537741.983027115
98918.53654822297,-762825.3416282237,26240078.148456275
-255575.06916715545,-818372.0963778042,23776592.108131595
-79356.57832593974,-169791.11009350693,17871127.379743658
-58959.693867538954,-925049.0644147646,35989382.59543491
291752.2702982646,-772562.4268827682,25212605.208908286
314942.5119527073,-657883.9442479423,31112503.99504515
566219.601634765,-1066179.7784199638,41859225.29341599
134496.0481667402,-233754.32993126794,-3170360.706210882
374106.14508351684,-527983.7546599961,-4086514.8007374206
-88520.55206664045,-962644.5083986339,24611483.44579247
-105158.61862260266,-382310.3447096601,754741.7692454555
182748.95782983725,161793.21537186258,17239949.528472025
809495.1514239786,-664686.2792394293,43858511.75000122
100406.14981869579,-655463.5580502695,-5332172.676527455
438138.871864874,-812068.7577159421,12621330.648532052
220567.01850678987,-567824.2906132342,44508613.8049265
355642.68475271366,-1310488.4063437812,33717364.9685471
283199.62334221543,46170.93430496142,18772810.024417397
352821.9480299593,-346651.42480937805,14681842.469879095
445538.4190359619,-562731.6002162681,17219912.13636816
629696.1388127528,-519324.0862750701,42023977.184047714
382719.3657438102,-1065205.8541389958,9798284.738788081
114868.58445915971,-1054440.711700524,39938975.21679597
317162.60809918505,-722910.5191855353,36636145.08500953
-37058.17104564069,-307206.17687510804,33571537.28156901
611791.0290290028,-1427365.9163338263,40950863.51804095
665205.0465640305,-687787.6002275664,19244801.927308343
293683.68852706754,-643068.5563389658,31812699.530230097
489732.67831879307,-419634.4708506604,32048695.48167556
-59710.597774888294,-438897.0116741452,-45640.72645877844
403414.3278275015,-1011949.1102454277,36818707.9908447
842296.8826802027,-463558.96208160155,1191111.6417295237
535058.7448411087,-742822.5389155223,11430219.006802527
82538.4062980705,-1015715.4927203496,33781929.898659535
-183363.0657711157,-183977.01828568368,-8245386.85073882
119402.4436343007,-646990.2013913576,42159786.17497388
255290.54877457157,-551971.6739559025,37260643.805579856
400438.1459370983,262151.7073888905,-1161055.5535737087
75734.2166667216,-816138.4946839594,26702051.355295304
61624.275675954195,-887206.156615749,38902596.76964625
573061.2464173393,-1192879.1393127777,3948479.4329108465
-71319.02519486917,-785288.8486691404,42963508.23602876
262728.6255686382,-408216.2752787635,21669326.37187553
-227347.96594327746,-792799.3827346797,17124177.92964972
-42253.46925404981,-743671.8887165796,23334656.293396432
442201.7578158738,-453251.9831313687,32074298.8160305
391791.5825108817,-562588.7832687912,31976338.232411608
680130.056624022,-632278.4409499533,-2313205.599545735
-319213.6888877934,-951737.2697183838,12778290.220012305
220354.16496399135,-382075.82118148333,132469.425575532
4384.407981834011,-914089.7407423062,-8222009.893284311
-210218.4716370943,-251024.16979524863,23425937.746314015
485401.98732354725,-1161544.5590685145,28346230.696262125
494291.94293677766,-669707.818012524,24944326.792406607
473079.5579929675,-339605.17562341667,14766444.792095397
488434.3959618236,-583063.0482326584,20455950.961141713
258591.33263221697,-1305767.0798172061,-1987041.3836328785
215145.59297405332,-458402.4163108599,6755940.704351827
453145.8004610476,-598143.3804540884,26936934.11829055
680658.1161222336,-630529.2985434775,33131827.843734276
82608.27924467063,-103145.35444641182,34434258.33048525
-248391.7800364977,-879804.4292795532,4174456.688304387
83348.7932076196,-1107897.627704306,20883415.326024096
352960.29461188184,188518.5040239894,43577988.26054717
571296.7449412757,-703811.9427007965,5057215.129324496
40935.60407548029,-342793.41622781905,11445803.645105543
45140.916477468745,-501227.5995274272,7960410.607483913
505241.8676919845,-941446.4729515428,15976480.637478573
-50820.1498429339,-144146.5428988548,29457192.7695762
-234112.12714358553,-261897.20782533052,4479470.323663162
24816.37023280904,-481439.22263824864,14592787.39386194
73243.31473181525,-854578.0330405345,6177082.71024028
99466.74461266777,121077.71354388392,-3677974.639508715
-299028.63138980203,-897577.7294456728,42359046.9075623
772404.8453773543,-609665.2325722664,10291427.222233089
-44870.905828418596,-372055.06774022494,-1753271.8090878427
593749.5565543904,-830832.324915507,-7117726.950671515
256274.5040384089,-913411.4375730442,13249168.934453042
-303437.9987598675,-798957.128251691,37200531.62926828
713238.9736357025,-464389.62355584535,907248.5869248305
393371.56939459144,-344530.88623446145,9231671.817628883
253950.39522553296,-1158832.1554149764,39251024.7545634
498683.01391921134,-308988.3840999354,-8057258.002652561
57925.84728959742,-430369.37439238967,11149695.517348476
-12444.133433477373,-437200.9131348053,11695157.857953591
446308.900154441,-1103690.3526087038,1778875.1434427784
150731.34983881237,-495862.159207386,39423568.96434665
-50760.27569970903,-92003.24433431168,35343733.29431048
221202.23968114977,-1254220.4490029616,32763362.46671328
19660.22307369993,-436463.2992448412,-3694672.4662619173
587092.8694243071,-619926.7889709579,12979777.329501122
289692.20561132365,-134200.58611352145,23631877.60960371
-119488.65596097086,-707248.7691530775,30623814.265401002
194823.91179816693,-313672.0511406413,4490602.208165322
23152.85900518261,-973106.257111687,16559791.385390949
2638.5438518933033,-151901.04025270586,-819306.6993578633
-181199.3202703835,-965173.3650547967,16479641.816975527
235516.698592808,-1103146.949311513,7619774.94171828
190587.79834004922,-482733.1088136544,39650659.4081904
589865.6775845682,-1243440.2753363592,33896588.30903162
288409.019113871,-739106.5762303473,8502533.38273839
395025.1454598278,-598692.4920290337,4616392.503039548
543082.9450874769,-585481.7932410145,40494456.25345301
553319.7031796438,-748019.9474943493,3046796.788237109
568768.9281522923,-1034684.3846068799,44874852.80504707
-104155.48685094925,-1009175.3308301361,15121551.907713829
55944.88007440235,-684306.9433581856,7869129.154566331
770262.6285405022,-815698.9949107165,24235225.749619957
602444.6035232021,-1389781.8462327227,519859.0062501811
751255.4230624649,-798400.5092648198,32821248.266124435
-66589.91387874928,-245304.83264924135,-1859024.7118582004
401492.97903388075,-977897.3364228476,3295037.812634945
276577.1260254108,-149348.94493382942,-4112118.135092356
-168589.67401517837,-436727.4106786018,43293012.01729225
681908.2757877758,-527424.8651349257,41890394.570021994
211185.66994161042,-429808.7353948222,17008406.33082742
216427.58107960958,-845688.5610976671,8203085.689630681
83872.65248996075,-59020.15331634678,33059470.594470322
845343.5512959223,-423332.7462159064,15331944.524804356
590199.782518785,-1208301.3948322893,25974026.108855024
818607.7935962249,-524535.9537570028,28404116.495673276
-31987.34509471865,-959811.4168759414,41988355.15364086
400989.2955463625,-618858.9265978076,25831537.987227574
40379.37517655812,-426913.20601137594,11061753.629781533
195586.2733757495,136980.1399542294,20665230.38978205
135550.4741816392,-828507.8795601587,22695686.122973308
509952.0831017019,-1177105.0850259655,-2412279.3716148115
43911.59487595459,114779.39136447271,27490188.778047163
473939.23636389227,-546414.8096987557,38811315.316728674
163452.44275533882,-173539.46572880514,38028743.83622788
-61142.51319558401,-117981.61984521219,44966134.257964656
264782.0696006693,-306427.6652830533,-7077652.166463804
-20997.512500174853,-292404.0830099186,-3479827.095370536
835588.575710384,-600458.4595097211,-3552184.344634464
233784.3142955792,-595649.0414006757,1924702.8304208973
289942.4686868806,-965301.614989645,19858168.763376534
-60769.7979099624,-515782.9115066963,20021807.46555807
204093.60305337716,-78141.31516800655,20420328.930734854
320064.7202780033,-142754.415971448,25789236.826119408
231122.78006318514,-771641.3226562754,13557522.135162456
635869.9551497822,-640202.2590482262,31091353.4144911
94043.80993035054,-788226.1512328656,22015527.979892258
535727.2387841027,-654164.327047461,14244359.40894479
-122364.11607059649,-141523.6793148327,-2755141.4142808956
244533.48410760533,-310291.8085582195,3037891.2806354007
499236.31661304936,-363045.12423229625,-2840856.9249474104
628851.3678274095,-586786.2124322525,44366125.68329905
-66283.78627570963,-552875.6113615559,-4439395.539455427
86109.71273786944,77770.94507768034,-1238978.745088729
731234.663418932,-686142.9907817518,24867516.7893418
287818.759665543,-300058.95777198364,5789693.129565631
523155.7205357461,-716763.6359632737,12702593.405397711
495023.9641624019,-740407.1452032969,41214689.18074177
623084.3420755846,-1154463.0657965455,34989739.36714228
681216.536599785,-598642.534257578,19926073.25883961
-64420.91009879102,-196868.2920628194,4054232.3356812294
-174874.14745122305,-623266.3420598306,44061112.04794028
824225.100098964,-890653.8183690729,43035865.48529272
759244.0281730596,-780877.1235614839,5539225.728267368
-146718.4038927785,-1013099.1847152443,25262698.689167943
178321.12889723707,-431078.5582753212,11537085.098023124
238869.5853805791,156271.03016541275,21634817.529918887
-205118.65896023705,-587976.7542695496,43913057.984061725
596496.3726437583,-628804.5685211273,35077681.25470923
118087.63293351895,-344555.59834457724,12737102.247354357
-95202.44449941754,-609577.4709967382,15328604.959453715
374227.48840203916,-653905.8697149107,28242704.17039217
9582.382094903063,-626115.8569047969,-2831951.417345677
239870.33831304286,-807905.4815718335,-3152549.6910074665
560181.9668283085,-1125826.5840155608,23663046.886209715
649355.9851500854,-619435.8608197143,-1110962.073314051
786797.5723240455,-754424.6286052285,26637486.42518287
-127414.78487260272,-374110.07098748774,25683483.923349027
877634.2095861144,-425975.42383744917,-5306569.34217252
190291.35279374116,-1196790.1139667428,18160556.37679942
71023.46333095024,-1114420.2344844202,39812071.73347151
327709.1739954105,-786163.2127631104,38659921.68749951
575521.7508937179,-570434.035740023,11298862.769677209
130586.37775597838,-1079306.5033394902,23966947.333118275
22378.28902307398,-619456.3601093282,5127346.001688021
68558.6807711683,-206226.5091041074,7918109.446375774
354527.8375403905,-558802.5995251769,208166.2401901253
395165.6804143967,-1002488.4342344537,24787367.22092635
139850.06271384898,-358904.0260626447,40908562.35693278
-27806.80819336238,-641640.8648662035,23182149.47571703
94099.33638249946,-729117.9462307224,25824858.856526263
463945.73767762084,-802813.8367738544,5447944.275349786
190748.88702805116,-738565.8253507651,22431860.460272454
2969.1211809665197,-931739.2385966928,23874552.69175046
776064.3386841031,-514865.57358523324,9970828.948571324
281996.38477022434,-1274566.370389455,5288758.326969104
-68741.40807267417,-596442.8177607849,917267.2829767517
190311.45136668257,-529179.2481487618,3621202.0285478015
-28225.669938088373,-1068825.7499819382,42911188.37886868
-90454.88050400715,-1044408.9971336417,23361372.816201583
367942.65403690207,-1297566.5133520747,13107794.001275778
281760.5002044155,-494555.24383910233,44174657.26986215
295350.57065629977,-1348471.1112949846,39601679.11638096
155994.5659788679,-418310.0716466171,7136651.154325196
278001.2108666677,-1325179.2114578856,6016783.57340941
504509.78358234564,-572966.8169331613,21576931.730507735
30542.278020396916,36554.005820256054,34685838.92023373
556823.5658615476,-457234.2046743142,42268878.64309491
422068.0365394638,251055.38484950343,39808732.16812087
474874.01985637494,-1165887.0290129823,25474204.494708713
520975.508072415,-569382.7357631191,8962280.212676965
-8137.708376849841,-955824.3721868887,22439652.779423974
275419.163454814,-1092994.5316633997,30317687.441592015
296625.6218612367,-842582.6673754564,29941429.7454195
74194.3891472768,-602974.508430716,4519545.107870898
-263843.3165560952,-980016.1860427554,22661177.281016663
305156.19948890986,-639981.6237337379,28083518.222011514
-219651.14462405897,-842860.8946209635,32906963.776790947
67350.98028383502,90945.64687000851,12501106.295908894
235857.67020771495,-66846.91178005426,14979063.786086377
247097.66973173138,-925618.6171564149,40972014.09859503
-58123.54872346267,-316482.8790446102,-7787866.397700643
-32970.08490148295,-314978.5133555103,13005380.66385606
490262.3335726469,-1316852.3558736825,30899885.0010542
182551.62358118125,72913.3610610054,-2772952.429484312
209858.43177194856,-127295.07848211261,7547417.692454353
-84577.5424744213,-966221.4375744455,-1857911.5234079869
443275.79513886577,-1006817.6628112119,40967561.34479417
695423.005934778,-467095.8288418422,18035879.270375405
381385.3173989032,-727492.5815679106,13225791.976998534
119998.40616969726,-225469.07218680473,-5329946.299627028
22110.466045363104,-75199.42625005549,27774051.83285186
110725.2321485755,-4189.781079845443,8001598.580141862
476784.6016909323,-1191295.831910928,4127702.7733953954
233283.57546980993,-771330.9063689396,36020551.87204092
45043.75604257611,-667825.0831224939,34492144.1298964
-206841.05678821885,-327786.2994037237,28311721.85430548
837846.7977597859,-605590.7289068153,35505145.619591594
258911.39094268886,-467324.1283931322,9432045.73866749
818682.8116107854,-749494.900892249,8994562.677733207
66633.45449727545,-510264.3727538419,13323752.560617397
170493.5332378922,131334.29330336562,7377099.859571536
48996.13632158594,15278.925624259276,19872640.213229336
576495.1116981742,-556126.3989770658,28184818.370981015
368331.672446049,-482682.4376531541,-919493.6598771787
-1397.9062333746845,-78454.63216284417,-5239778.0351596605
-196140.14279382664,-753491.1642544175,38487377.47771624
268775.4060642386,-1216306.6312544008,17538284.03312952
526111.4988841009,-705667.5588407521,35428335.61652678
180918.21279113743,-291841.2720725924,28708016.94258184
533576.3810445439,-1265992.4417314967,-5659450.080890526
201684.3175019125,3135.16784112096,23204413.244721327
-149155.0811826357,-546608.5279484264,31791548.949676014
187248.80330924422,-910802.3181594646,6721431.862395183
292590.39165240125,-1275230.0958472341,-3860537.545343879
760227.6572392854,-665604.4599692263,7114387.385320901
-52955.664661930896,-980893.0636612545,40996504.24449975
93252.84182521627,-1082069.3345281398,42752002.43048802
784485.6881793765,-578829.6956199321,21110505.769867852
76396.00697773528,-106205.15271136073,21776192.463096127
-189579.40173248664,-985696.3890538048,8935563.68987184
758547.9264106652,-797660.544339773,14433601.445481261
283876.7468890541,-222098.65939346806,5638299.500336469
-189997.39012521476,-1047310.5531429173,41680001.95293144
378275.6287916617,-319783.3772892685,-618932.7783192578
452331.78049401357,256111.77685389225,37682542.22821116
74652.50124884496,-378551.2424855329,-6604547.07512264
652594.9897649242,-865319.1725615485,6906221.1451308
579804.1903682364,-705879.5604492966,14108550.418018617
2036.1001107011266,-833276.5045055279,5607130.223730466
312135.0958767167,172108.7502261851,7350383.336766387
307163.26841292816,-1047034.0240701758,13110020.37817623
403981.81142900727,-941702.2726346098,-1113.1884502134908
332342.0189005455,-630873.1323128319,14164209.840529341
332.1418152537483,-963819.9280495059,-1421541.6509239187
520968.4133216738,-956766.7519537921,12485521.657605879
-122465.42062779235,-178509.22736752388,681271.3315312893
-54721.84538277026,-772803.7537935149,20435913.56903787
237284.90983617338,-305572.11401489296,32562988.545674674
193638.26525494753,161363.620709375,42593929.67055755
50011.74073530618,-267983.33887697663,36608315.37375417
-280351.4676413466,-881627.1098968822,-3817123.1957855276
-30143.157548514206,-91518.54537190314,17510454.321874157
-116166.24029140563,-277585.64702843997,40569039.87961737
644918.2547179136,-1254080.4294446271,9545590.960589366
675084.2504072784,-500797.97863376694,20419215.74228464
54222.68685045802,-923732.7948192939,3415262.1652581035
411492.92903683765,-596687.3236193733,11011660.149521876
951478.4537332125,-920339.7302473263,8296593.519448716
742593.8028162495,-622783.6510188816,18772810.024417397
349916.82397507457,-1071114.2165440074,22628894.81596045
730511.357657377,-495014.2937585249,14062909.691559836
-163021.34101379794,-319808.06644321204,2769612.8641336965
376893.5660908276,-337994.76429081376,44950549.61966167
43956.38474795399,-583632.7439667049,-1385919.6205170364
357165.5662934346,-1210559.9826976804,44426237.85961063
701665.9275191253,-644441.461110038,28005595.030496493
113465.48605882077,-192268.133314966,2575918.073796372
140438.4842435195,-880385.4644153533,15452168.87742754
184200.05257471546,24583.329501703196,21942057.54217809
259982.24371182206,138604.50618830128,38710015.167759135
390686.0070340274,-355659.3025111612,39737488.10730713
678250.7486612593,-590641.692189175,6262798.220906795
269116.67799512553,-1081301.636330782,11396823.353296097
319654.4940926806,-1248176.945598351,43858511.75000122
865896.2165928169,-487489.7859329909,-3524354.6333791013
453197.7511960484,-580546.5825717561,3772595.657776963
882921.1591933583,-707216.4753134617,25626711.312388085
152569.57568200823,-857063.417773032,5526980.655315019
-159832.42317782505,-233529.42620587288,6820505.634464285
619810.5922220902,-709281.5727543302,21484537.089139916
92049.57749404348,-997473.7759146404,17432531.13035914
-39121.32156889084,-412206.34152305615,6563359.102464716
295407.18078627356,-1311765.3647767175,15530092.068942536
165300.76064257274,-192118.21911986632,-2844196.490298051
551991.2243169289,-1183620.907291275,-5321040.792025321
422030.68536004116,-665074.8877057974,8759679.914737932
917234.8703465702,-864090.630958937,10743381.73302017
194217.3102869812,84816.1197929991,9702550.532069622
46769.00524711254,-307413.9631217415,35924817.66532245
-226981.47518445592,-903312.4370759024,25846009.437080346
-307206.59407476144,-945793.9554027088,7762263.063345734
459513.6263201856,-392213.23157150764,29379269.57806118
336884.8936219652,-1167092.6956675027,31424196.761105236
513804.84971224325,-1184443.3071917947,22619989.30835871
110659.24110160691,-355397.02368058456,40207253.63329765
706083.6585523144,-869769.5785878528,17167592.279208075
593422.4022464061,-845906.296866822,3995233.3478198634
596018.1176086898,-1262243.3121708527,29748848.143532388
312425.893216147,-530191.4654461741,7431646.093632024
613914.9976570184,-1162366.154910011,-5679487.472994394
-45642.69802685823,-329756.44247647666,8419044.2489723
12724.028038249384,-81233.76117187766,43230673.46408025
-109182.96067954776,-120214.50034767437,43675948.84416605
4060.885896444368,-1030639.1048131275,14656239.13552416
30574.660271666125,-173776.91837639286,30935507.03146106
-202905.49507238224,-1025556.5473697648,11869928.444637261
40911.645877808645,-428438.06234840775,15486677.719384182
712305.8743416856,-881763.5231420838,37997574.55962188
548227.511736006,-678320.0943973556,39265496.20441618
42034.89273150761,-818867.6330357238,5435699.202397437
-209839.5047074005,-498335.7092048918,38560847.91543041
411389.15215488506,-1067592.3285735971,39568283.462874524
698563.7187033793,-879875.8614291401,-4669825.548649821
-140321.24580740652,-809469.3944774086,29719905.243826814
145132.07077737543,-585568.9567070673,32201202.299354963
258483.87382380597,-474093.8147629387,24062681.539836712
560419.2204489325,-1193972.8457188988,40141575.514735006
346160.3493677185,-711417.4930165975,-582197.559462162
139916.55937101154,-988493.8103820999,35825743.89325338
577808.016854097,-1043561.5178218016,44695629.46456252
61977.92731993714,-352091.6074417104,6465398.518845852
120299.85936085427,-447683.6689373081,32636458.983388815
-196948.01407558747,-585060.312016924,40240649.28680408
-57744.68886023375,-880439.430424424,-6523284.31825698
857716.4683535825,-756122.7234187371,12652499.925138054
585862.7080445584,-1508286.189505083,2154019.651165079
556884.644931083,-805689.6958145982,43350897.81670341
165688.99286237636,-3257.0510794176307,40809488.58486371
661770.3426070167,-643345.8913717222,37616864.1096485
-242962.03075957583,-894874.4431212422,38281437.61442657
805781.5772182049,-816881.5794476545,14395753.038173975
629558.2979523435,-566575.2115575691,21690476.95242961
-209464.5384100159,-811542.6799280557,28607829.98206252
605293.2153419058,-643995.0453173652,33952247.73154236
486823.84824805066,-797315.7066703576,7872468.7199169705
-168386.39254609452,-914659.0835009931,20347971.681470927
336648.64349620126,-762382.0650470179,14915612.044424132
503348.34256500646,-362761.99975576444,26599638.01787556
606389.3674447595,-835449.0762359191,16846994.00554631
841965.958982544,-531709.433555639,34047981.938260816
317519.781971612,150937.74469005107,16239193.111729188
752483.178407829,-531983.300682435,15139362.922917245
147324.82208409172,-958737.6265438636,6104725.460976353
651021.9193659571,-1004764.9384173322,7046482.889857826
-81260.09233778418,-299134.0398954429,16701166.318568217
403657.62480350706,-1180069.6298062794,42678531.99277385
221094.5097668245,-994346.7292689478,26404830.039088026
-80809.75287419657,-468454.8641698096,12381995.131735923
642237.3538005895,-467013.0690268475,28671281.723724768
-82710.28088047238,-686806.5654793062,14345659.557914319
213462.65625175036,-1008360.8422134363,26054175.677270472
110034.77660044911,-542052.2243304566,37045798.43468848
553923.9352803451,-1007500.3059676167,-1970343.5568796506
386080.53014523815,-1059244.6837259887,40478871.61515
517263.2818710635,-551588.1211595581,17534944.46777888
-139147.55403985467,-138104.41704936672,37319642.79344123
-148652.18476387957,-151837.65445966704,32610855.64903388
227681.03091458016,-961489.4257344997,-1686480.5020749571
381490.7103855837,242739.49010060492,34005680.77715265
-126957.07734824516,-941172.3797094559,43197277.810573824
109437.06010306666,-147392.1846382282,25752501.607262336
561945.1268566299,-968514.9643688301,22339465.81890466
135601.62511300255,-389782.1105202385,1362542.6630625532
814046.7084030567,-900906.422732225,39943427.97059683
-85642.24671412728,-137893.1326492165,34932966.756181344
100267.23625649943,-906860.7824755079,-3665729.566556341
597727.1400989593,-1534468.1104899533,-7387118.555623434
-3106.9773365828537,-861063.1545670284,28949578.83627839
405039.81760267646,-701973.5918265012,-3821575.9495863817
362013.5222318849,-779036.7686874922,2944383.4508173666
-213898.0057311721,-482149.1278216553,16363870.2181532
28243.79568506417,-640867.4221354558,25599994.789582934
233441.97333642625,-641051.4131540934,14498166.375593692
411168.75302002445,-683977.5599626871,-5200816.439402137
310520.5633713042,-512862.8771541279,14650673.193273092
-183282.7769205608,-177699.84077913561,-1124320.3347166383
401827.72630009777,-326705.15757623396,-7453909.862636293
296543.5791154884,196299.97503159285,14580542.320909567
-290091.6771494455,-903648.7759066075,23604047.89834835
239543.06138735046,-1262857.5212898299,28295024.027552254
-70896.28306444804,-865616.541496563,26063081.184872176
98665.64189516871,-446418.39997495,20273388.05530655
337173.19314462395,-1028738.0594707752,-1086471.9274093541
586513.690219667,-938423.7455963333,44711214.10286554
199356.70836813995,-876132.2310405907,40803922.642612636
31018.84512781825,-4202.639290317091,44021037.26373254
268946.3915207623,-620693.7710308981,13281451.399509259
795345.4541990098,-550233.5449650745,40585737.70637059
645458.9858851555,-769729.022683251,896116.7024226954
866810.3667366281,-748685.9569064752,23089754.834349237
549814.7455321855,-792608.4278373015,-4802294.974225353
221199.92371484268,132082.1800358709,-5479113.551955763
534409.160262967,-1192815.9847697224,14247698.974295428
201321.93347339449,-738186.0092352794,43300804.33644375
344606.69065989164,-305603.1714895301,27865333.285769466
345394.0358820815,-1345977.1929533354,21375444.621018916
511107.4404996312,-1323469.943370415,22286032.773294363
378258.45773736655,-1070022.1471368277,20524968.645055022
622822.7126780363,-567774.1079031279,13595370.542469742
439162.8420233811,-963930.4094061211,2618219.234904535
512563.65212653985,-709342.7628532819,4400433.943697954
483581.548784641,-681349.1266627049,17561660.990584
306945.259761209,-565518.3760340246,8709586.434478275
-247733.84863777354,-302361.1463680752,-6357419.239175018
-121881.67620392436,-911371.3264829452,17625112.732246246
464128.14280012605,-1084911.430494772,9892905.757056303
259178.1384690388,-855246.3671986846,21596969.12261158
-294729.78834876406,-872074.6681908942,22785854.387440674
428382.7186706699,-812513.562078165,19411780.19484052
850279.4099488375,-632134.2700992686,-1892420.3653646556
-57652.57739174395,-242518.53745950357,10802380.72088156
935827.1468856197,-876565.8998681664,20415876.176934
383157.2929224086,-298333.6293351446,43102656.792305574
622479.4383994228,-649835.4802570493,16451812.105720164
455539.62686394254,256234.81138396665,16549772.689339029
15157.750191254068,-492770.7562699983,20880075.760673456
-221481.81851888399,-835157.0639114071,1301317.2983007606
375344.6263558198,-914008.1864469514,13628766.195976172
53961.534420764714,-27418.047981598116,23547275.287387412
-163851.48691815033,-236071.15879669363,34842798.491713956
-108849.97012489219,-369261.569858315,36257661.01193659
535382.9011433538,-1164932.1730484879,-2394468.3564113956
899348.0642863619,-418076.5958525228,9718135.170372635
40454.984906441445,-39128.04128532987,27402246.89048022
541010.3110669191,-840717.3006030202,-1256789.7602921703
324247.7969188097,-627594.8569108045,-5706203.995799542
154442.2805671039,-145262.10735074262,40559021.183565445
680460.9645478019,-602765.8081083109,35153378.06932382
309415.5210226615,-1163142.1061955693,6900655.202879707
-221278.7553349242,-869163.2389542505,5926615.308942016
-28598.94899800236,-680124.965227328,19685624.553593293
500567.4440961773,-1042190.8819863828,41281480.48775466
413089.5048886024,-1048930.3625764695,19301574.538269285
477859.65406367934,-637805.345319577,24104982.700944874
347267.2386741088,-454430.22952616255,897229.890872909
76650.92586380088,-349796.3844965557,-1699838.7634775448
621742.4373141356,-494835.42428283766,-1370334.9822140476
111662.37544472568,-379290.7414989122,-588876.6901634682
-173695.48240295085,-263993.87755598564,36989025.82372754
163883.19195009567,160440.41192775965,31159257.90995417
-107502.24208541779,-982220.7293933525,12147112.368740672
645748.0802911578,-654490.8394364386,-3902838.7064520423
425083.2442788613,-1220198.4422418466,-3381866.5117516476
-58897.391437292164,-592392.4946468326,-1149923.6690715738
676213.2204410954,-827410.2099777339,-6031255.02326216
9645.959637991948,-1069657.941873897,-4242361.183767461
204341.2298203885,-1173977.702141813,19160199.605092045
30214.13424372764,-1100489.0117520292,15903010.199764408
-122100.20838817027,-569480.1125617718,21785097.970697835
376956.17737521033,-1018354.2686374136,43235126.217881106
532750.0561372829,-349530.14739605377,14120795.49097099
67565.48614338094,4987.5863650642605,41411723.53642974
401631.038546765,-432551.53368317254,23518332.387681834
448400.113980409,-1040948.5386105016,23688650.220564652
754700.7344141111,-767311.616206083,16967218.35816947
373534.1173131745,-866269.2342549311,2423411.256116997
89270.72997474598,-124753.95722989862,20898999.964327086
205483.78421531478,-93064.38425369245,10439481.286111634
903839.0958179174,-418776.9671835409,10019809.240380744
-167083.57718556843,-614175.0478008288,40593530.02552209
163756.45236150594,-1134530.6993665835,4449414.235507373
426245.4087685058,-1219413.4561398258,32785626.235717576
565351.8681097643,-1107780.6249480008,7724414.65603845
191242.72271620823,-764179.4978289499,33254278.57325786
546976.3826280372,-727949.1644569008,5971142.846950606
-120619.98596543666,-660067.0522235257,39078480.54478016
547269.4651763779,-861855.1062064411,-697969.1582844915
815665.9518106718,-417160.1734183543,20828869.091963585
389034.0053178217,-613585.4153648,38902596.76964625
585258.7961191192,-1348036.3821765606,-1513936.2922917143
331036.45535603276,-232767.69789670926,-3440865.4996130136
-177619.76670716086,-723387.5974924698,25047853.31827654
331236.25622992177,211899.70091199217,5682827.03834506
332342.61947684514,-246755.92294359236,37801653.39238412
468282.60572218156,-1142320.1772510614,-3386319.265552502
-74152.71448862887,-876843.3209192207,26213361.625651125
677651.0637350034,-469482.583099515,17883372.452696007
4146.092535273781,-381760.9218783187,9492157.914979093
314331.7877480956,-1180575.4553716078,36347829.276403986
213975.31454285057,-118759.61929376969,35556352.28830146
-81310.98660128727,-620817.7760208524,2641596.192359018
445485.57844037656,-718142.1967112789,12746007.754956063
375102.22624235105,-746977.4898827719,6751487.950550973
236683.35513180433,-867109.5793376922,1218941.3529848862
646732.6515934847,-1323847.032501475,43741626.9627287
881754.0519466215,-750591.9800528779,37086986.407346405
372799.8474357493,-859519.992981385,13094435.739873216
-68747.0033140447,-1040788.9783387012,9990866.340675168
21547.334955038375,-938624.7125429155,31233841.53611855
-61496.83466732207,-1060401.4686026494,1156602.79977288
140247.76270160993,-347879.1448277067,-5273173.68866609
111610.92003405755,-850003.5069562121,-6544434.898811061
572617.3588492944,-861928.8229693822,3651258.1167035913
-183358.71848078843,-767055.6654299477,25897216.105790216
687563.8217275289,-777366.941936587,-192581.6018870858
443024.96862297266,-1142465.1326931065,-6244987.2057033535
-23344.72014037101,-307993.33262260637,3464242.4570675474
88737.18167824468,-132254.82195131748,16249211.807781108
267475.6810595636,-393231.4497149743,42413593.14162279
363738.1634017604,-582627.1617099389,41352724.54856837
19491.169555731256,-246011.35542735292,23204413.244721327
182876.2928406639,-619243.3885006505,4331416.259784642
229722.18568007735,127503.53518545188,32166693.45739829
60742.556841627746,-510011.4018406995,20343518.92767005
205376.9412561494,145060.9995780295,44987284.83851874
-125342.335786041,-732148.2244845643,22830381.925449267
270231.7647767361,-346311.01876544673,40095934.7882762
255001.89413366656,-370139.5087410343,26441565.25794512
676538.3717334424,-710482.1305492356,3066834.180340977
139231.3606549689,-1040784.742113078,30209708.161921203
119285.43355766831,-780515.5219307898,6656866.93228275
168025.1878962134,-912573.7992169053,27680544.00303385
215529.96718324875,-173614.1748981366,-1137678.5961192
-52148.017687641935,-846731.1630163161,15266266.406241711
507183.13072567043,-1154733.6619959665,653441.6202759265
374503.3288523968,-1164605.7382124553,24608143.88044183
302257.7860345629,-1187257.433831143,25990723.935608227
596596.8977797971,-820059.6237879758,16933822.70466304
538813.5844529271,-304972.1201220698,-5618262.108232576
431178.3111491181,-495981.921691442,42812114.6067996
798622.1165542376,-500591.10238863545,-1471635.1311835512
-127752.42007248367,-371628.65090682486,38763448.21336944
-23575.213957527492,-795845.8279123262,12343033.535978425
275496.46258175094,-323382.94209913875,14872197.69486578
102029.79599795048,-722957.2016649151,7632020.014670654
362022.25646431255,158575.03404904203,31004524.71537437
497657.91574458464,-1199322.7057278233,22116828.12886176
182837.20124676017,-963845.3577921407,10547460.565782418
539713.4680737474,-419099.1121813476,38133383.55054805
-198079.43836711452,-963631.2072890645,39733035.353506275
260892.62817287463,-709724.2716319184,32134410.992342073
-360653.7821209328,-923946.9088899384,6918466.218083149
179844.82395607833,-513481.26042589295,35959326.50727913
95147.39047331436,-1047994.3641055843,14960139.58243272
136189.0145277383,-167639.80225623533,3306169.6971370797
567200.94742903,-442520.2930518894,42549402.132548966
207829.20074642633,-676100.5798350697,37633561.93640173
215176.683481444,-1174696.687861111,40809488.58486371
-65473.57036303847,-204043.93548569668,40968674.53324439
61490.77631729331,-55875.589850787,-4532903.369273435
532276.3981920284,-1227754.6376723587,16838088.49794458
618823.2821644836,-1250783.8335444196,21252993.891495306
499569.54541229666,-665299.882231748,-4078722.481585926
105717.12664129477,-505297.08915053675,3545505.213933208
542615.808823551,-868505.3983393837,-909474.963825232
177853.81482372028,-77768.90030745666,35155604.44622425
-17216.94699195186,-144279.70869727636,26536186.276213344
122038.49384387769,-1033579.1049414888,10489574.766371267
113266.38415596017,-147263.92625984544,39432474.471948355
309888.781837936,-720677.2735160734,27543621.823657464
412464.953759119,-332572.00508595654,42811001.418349385
653336.0735245134,-1237345.1433612767,-1027472.9395479633
322430.04531626165,-1034428.4042016753,8946695.574373977
406040.95933846897,-1233411.7578108613,-4165551.1807026546
-75865.11950219017,-486112.9388183804,8050578.871951306
604381.7308725535,-534400.965695394,39773110.13771401
802584.7696590921,-510846.1366395741,16558678.196940737
74547.39017714007,-40003.621409665124,24694972.57955856
355744.1538948231,-326064.58743340964,44475218.15142007
188873.3777986106,-454212.56686343247,6577830.552317516
-22161.087277134768,-1022908.5949067543,23396994.846608438
334031.97925197904,-427465.5567442999,42613967.06266142
668230.4330648485,-416790.55730614986,14223208.828390734
345633.76592399745,-621177.5616727192,16225834.8503266
604966.2399010416,-1197536.316471171,22084545.663805544
729997.079087092,-674756.7185057708,26118740.6073829
-334026.54789421026,-814087.9585962691,32339237.667181533
766981.8692732928,-670333.6031948929,30424553.53281261
215971.3829163407,-1247000.6559806867,-6596754.755971146
-88726.5558492116,-604118.6917398307,6669112.005235098
423757.835300462,-679906.7866262415,33966719.18139516
120197.58265618466,-577805.4404874084,-7677660.741129408
67291.27764955444,-607159.1780898338,8129615.25191654
155974.2353840586,-903692.1303076282,19959468.912346065
425910.5067468323,-1082118.4385429975,33003811.171959598
613406.481818439,-1135512.5500436842,30521400.92798126
245625.08670945096,-879042.0664752366,4331416.259784642
-173045.56803159806,-545512.439772646,2607087.350402375
278943.7912312424,-461371.2444137964,-6391928.081131661
413426.0652605065,-606093.3309762812,29099859.277057342
-13463.354217988921,-807212.3776815939,2964420.8429212347
338362.2198400457,-887620.2599418237,22182506.24742443
279699.80429509416,-1268935.241028321,18802866.112573184
682977.7509416739,-521104.27220236574,7644265.087623003
-281607.90670274914,-957582.6020716557,713553.7965875057
137337.744446911,-949241.0355629346,37674749.90905966
405187.2456984257,-812118.3491404186,12895175.007284824
-215558.49652231208,-342961.2916105837,-667913.070128702
400138.99317213875,260140.8182024843,31718078.51196185
279070.13958975044,-526549.9219992852,-557707.4135574651
-2489.613129845577,-1093977.4289594467,4121023.6426941142
420386.3795052067,-555892.8639613459,7996032.637890794
58773.614276939705,-504763.75193794165,-375144.50772227545
299495.96062494715,-878854.6872248759,31366310.96169408
179479.24725855832,-799380.0054897948,30483552.520673975
117524.17444333993,23389.49019205029,35589747.94180789
570097.8736302115,-430912.93593477306,730251.6233407335
389453.7310192351,-449470.5673074695,12895175.007284824
-149475.2272791493,-138132.3193839235,14964592.336233577
388841.95711131196,-835231.9778339431,-7847978.574012249
268199.0929859022,-700353.1654491045,-6905107.956680561
458183.53438061394,-1111443.1093131895,40361986.82787748
396658.5801834217,204161.56850147306,6811600.126862552
369479.55557389965,-393414.85796832613,20862264.745470013
-116645.02893335735,-786795.4411514731,42492629.52158802
159235.07301963092,-463927.55692577886,36874367.413355425
288815.6099262781,-80889.15896074375,35353751.99036243
367085.2181173185,-968176.1080323888,-3708030.7276645047
42154.94402785401,-473100.52114598145,-6222723.436699058
-171894.16090533385,-905519.94825292,18279667.540972363
281667.2703266215,-468637.2179798923,842683.6568123973
399715.01024847414,-500428.89470245177,6267250.974707673
616994.5045082603,-1517977.3784729305,23646349.05945649
275893.7614988442,-1182010.0063992082,3580014.0558898514
423073.9438684075,287932.868466947,-1214488.599184007
559579.9724701613,-790798.0045402239,14863292.187264072
-153661.20378699765,-194253.8640349704,-1963664.4261783697
-30196.571736712132,-377240.1381022824,25258245.935367092
299157.3956900716,-1095774.5838378896,17949050.571258653
-107043.89191736815,-162886.97367649895,-3597825.0710932678
656696.3933609964,-1270828.436215148,1261242.5140930496
-124720.47202706068,-421023.2393219087,17846637.233838934
543145.4062250017,-712093.957295387,41144558.30837827
493575.4326786448,-758846.9401829136,15867388.169357551
839579.271746608,-684912.905371549,31187087.621209536
334498.8480278527,-604466.8921522932,24235225.749619957
369306.6440564548,-614026.5891519475,11830966.848879764
448995.3633961542,-1299090.776209382,11343390.3076858
265940.41744578775,-498101.3566702532,-5565.942251067455
236351.45316413528,-577558.0870048223,19857055.574926324
145930.95032395635,123193.75378772488,-3679087.8279589284
343530.8265835206,-588727.8431253671,34236110.78634707
470237.65944645554,239975.34278025603,16126761.078257523
727971.303264937,-597072.7074838148,44265938.722779736
645169.0044126707,-1385727.2946423863,-5890993.278535134
313063.9505831738,-792430.3762723752,34822761.09961011
-116380.77639628208,-327142.63698813657,27781844.152003378
700205.2287297606,-569419.6712345596,22781401.63363982
283346.12528743746,-283162.99798503926,30387818.313955512
-119516.31092390363,-773764.9602109151,-3455336.9494658145
667550.9258921099,-618782.9767231757,32552969.849622726
576797.9688871304,-1104090.2007467174,34193809.6252389
-131908.3196755524,-451203.02704659227,-3154776.0679078936
412157.84407896467,-518760.13661275053,16829182.99034287
524539.7199061867,-522290.2599545437,13612068.369222969
672695.1002530283,-469836.5307224964,33288787.415214527
86033.1570538374,-537505.2509037085,41613210.64591858
312550.38376331923,-533523.1573663029,22867117.144306336
119931.42865965232,-334644.21627857984,17677432.589406334
-87255.51484896654,-326459.3928529019,4502847.281117671
336563.563137469,-693107.3163297889,12589048.183475833
-279583.1512513915,-912763.2661431119,23241148.46357842
728451.408140912,-598108.3268811561,-342862.04266605893
559920.0936536214,-1113715.1448156573,853815.5413145322
333785.2696075368,216356.3148941752,7251309.564697285
592039.0415567071,-1219150.2734970748,16357191.087451918
456063.42149229953,-343092.9773236606,11264353.927720565
248382.86616885214,-411366.18147336587,26371434.385581594
352466.52732915455,-820877.0958047137,18324195.078980956
755733.5450922777,-503462.5233540812,21694929.706230465
-142571.8662045755,-567352.8570422555,44299334.376286164
40410.97964305806,-144998.68905935515,29311365.08259811
11199.448450998083,-239526.24416445647,3119154.037501062
-25961.358124477272,-197668.47571078397,31018996.16522714
-303528.5732379318,-949513.279717743,35734462.44033577
677415.2311550959,-764138.0547958753,28517661.717595153
-162270.318017549,-800882.7444354242,21976566.384134732
-77136.14279056768,-293573.595115513,22721289.45732824
584812.8243283393,-1449790.3513339933,44139035.23945527
873107.6904416578,-397607.98297722114,8700680.926876567
213069.51214356875,-328030.2539768828,38446189.50505832
-204796.60112953873,-267433.2917884766,16592073.85044719
544268.4415283666,-1496654.8146669953,-6759280.269702443
338900.2830619232,-256223.5869211469,5002668.895263984
212401.7985234147,-214037.437041768,24426694.163056854
828378.8367880066,-627825.7111160426,40467739.73064786
549270.3574295673,-896552.3088438034,5457962.9714017315
250696.71292041798,-676716.8890185672,10064336.778389333
124047.44375581598,-343947.35116571817,40808375.3964135
58904.355733480916,-173734.1644570518,17586151.13648873
-68581.27480092239,-589065.0240163435,17664074.328003746
669926.1948201548,-465408.30620390945,20123107.614527598
293636.8974873234,-474820.29501401575,-4236795.241516394
86252.44936768667,126241.50886423927,19164652.3588929
533416.9772006558,-1074670.7413448824,9843925.46524686
-17482.328146269705,-352031.9056634716,41900413.26607391
-32772.874272403686,-319457.3122462015,1706517.8941788508
257813.5098577994,-350371.1256759901,13641011.268928546
278057.78150071594,-231100.2784058089,20982489.098093174
635733.7448766847,-1308556.6943156044,18893034.377040554
71580.75652708537,-464001.11579963623,27968859.811639395
-2348.520668236442,-201161.42472317762,43782814.93538665
172315.82211863928,-1056986.6685681143,12449899.627199022
317857.3854790169,-581668.2667793753,-5866503.1326304125
72353.90488961873,-980370.8108508874,29885770.322908774
371772.95043764205,-1204676.4585685579,39079593.733230375
-135306.91805536003,-686808.2030385153,16464057.178672515
297665.91200807295,-419575.98172648624,33819778.30596685
428230.45272470696,243547.75422657013,19565400.20097011
162172.1779545572,-538180.1050288753,34458748.47638997
482284.66406916676,-468204.95795797836,32190070.414852798
86940.4472740114,-423903.1640407918,29371477.258909687
-32250.378645913777,-985257.5824504307,28378513.16131834
209393.09822766288,-1088366.6526118137,34565614.56761055
309674.10461415973,-1248136.481867212,35888082.44646539
286025.3424404408,-1236333.3718468584,29051992.17369811
420423.989389626,-451064.1645708416,38698883.28325701
-51237.75316151306,-946863.6881049996,18726056.10950838
211601.78412573537,129854.50649353502,23737630.51237407
339059.9008940272,-1329853.0468360102,31926244.752151977
-164535.78101273187,-392826.8514297446,39812071.73347151
105881.76630026686,-1093199.1863553103,29272403.486840583
307993.3571884501,-959244.4200283305,44979492.51936724
364938.470269518,-541313.5346518344,9397536.896710845
502808.67162070936,-581289.2625534143,30544777.885435767
380480.3465513936,-1321120.143127676,35111076.90821566
618518.1854852663,-416188.32466111035,28488718.81788958
-52251.13971422551,-1014144.506749167,-1842326.885104998
505086.8631799839,-370066.68758272886,36655069.288663186
-117403.0592171314,-523050.9374961863,2550314.7394414362
358814.36281726946,179887.74562512606,5590432.396977238
166538.95690523475,-449636.59576810704,11175298.851703411
852846.7359889004,-850772.680962134,44224750.75012181
69984.32678130505,-310340.25120004494,11633932.493191773
-14090.604673616055,-479205.03508111485,12760479.204808863
-22259.847720050962,-325196.942527114,31188200.809659746
449972.56690487475,-379007.80783846544,24631520.837896336
-150845.54548561294,-235335.97262825113,27718392.41034113
-155529.66134609163,-920278.7778797868,42857755.33325838
-205882.83845248277,-991228.268054001,-6096933.141824832
344843.53577375074,147901.05754536236,10817965.35918455
389416.9288754894,-1089267.743441776,31423083.572655022
-19444.372972309364,-442834.03224571043,14637314.931870505
133940.59367962778,-668409.0025930201,3242717.95547486
-112343.86903546304,-815336.6481840308,30236424.684726354
-46284.26427519856,-351129.07250736526,35907006.65011904
331016.7362245074,-521157.5022113082,13589804.600218674
32228.050946497293,-878116.9706388244,12194979.472099906
502042.0675928873,-498601.0801757619,8642795.127465416
410212.9631382868,-969613.6219950593,17381324.461649265
403025.0982910334,-318209.7093374204,-7083218.108714872
-177800.92357805977,-538290.847806666,30848678.33234433
262462.53338746267,-1289207.7039049142,20697512.854838267
-144323.57904889766,-420385.6650107658,39371249.10718656
785919.8904453703,-629106.5732236898,14115229.548719922
-118694.15667735907,-1058809.4373964998,23070830.63069558
341837.8376470613,136531.40422784598,652328.4318257131
373379.05156467756,-434846.2694436284,25148040.278795853
540640.1678143417,-1036297.4775884183,44078923.06314369
667203.1254894438,-598283.7948336499,-3948479.4329108214
-88687.042546125,-303467.2403669964,-3952932.1867117
225222.39112904284,-464366.9547176014,-366239.0001205675
593941.3636108869,-1243584.6627556304,26755484.400905605
806240.4019607544,-495650.13567570806,33596027.42747373
101296.31677375331,-275673.9321027374,29928071.484016936
35362.95143537516,-892940.115534351,-5204156.004752803
-55617.44800363521,-190646.3373428574,38000914.124972515
622480.7540545888,-532201.376721017,27459019.501441162
269266.26383970754,-113066.82889263093,-5364455.141583673
42536.496081691046,29552.6738650709,26020780.023764018
422783.43078164756,-1147361.7248664272,19458534.10974954
638784.3107762994,-1138039.6012736005,19145728.155239243
183261.41676001786,-1124666.3000188018,41816924.13230783
240871.73353297843,-717903.1354562872,19196934.823949113
837124.6989171497,-873685.7232926228,3817123.1957855527
-93604.31603919451,-929290.3652954384,15215059.737531839
-179118.574478984,-134211.41973587632,-8107351.48291222
573694.5289072221,-580614.5947926919,6847222.157269409
-179164.7562929533,-1025387.1691909411,31089127.037590675
161752.95028252367,-316519.9812783597,33280995.09606301
-167351.22709587027,-700562.3041339895,26982574.844749354
307380.69473350456,-218041.7299747162,6341834.600872028
616281.3124756553,-1173417.5293513534,-2621558.80025515
-106269.12396582657,-908391.780459122,13443976.913240582
-213942.0202674147,-137993.7990600012,-3590032.751941773
33850.69695932641,-819444.2351423091,5090610.782830926
-100107.71497123003,-84928.85211239451,26461602.65004896
678019.3868799367,-753955.34888247,-2757367.7911813227
227573.20801562365,-1052735.4318288614,42290029.223648995
349430.5869669382,-741119.9642454138,21953189.426680222
-11758.35849769644,-971144.3233584792,26772182.22765881
276043.95783823635,12323.229596190577,36688464.94216962
106539.82268779025,-171515.44725495516,41826942.828359745
175228.45211381608,-93736.45819627092,43885228.27280637
601630.530479343,-913134.8623014238,-1913570.945918712
594823.933533442,-1132393.9669952707,5317701.226674706
239330.10153505605,-584574.3242984358,23091981.211249664
-107903.99020524207,-735680.1155161833,34533332.10255433
126844.16494056187,-247140.39697128395,-447501.7569862283
413050.1272163968,-476751.3625684184,36807576.10634256
206345.44094475405,-1099791.7785286515,19784698.32566237
216011.73140019225,-1228865.804227259,36100701.44045636
408363.91118119436,-705920.1235614477,-6556679.97176341
-215240.0553073061,-357890.86123369506,1679801.3713737018
-42861.03829297545,-208529.71255514753,-6801581.430810605
471114.680402884,-746425.1746872758,11183091.170854906
551041.8608498512,-1188655.3709188737,35302545.321652554
6971.201962448905,-166061.89864125827,43413236.36991542
-116337.22040462434,-1033415.0787504303,22478614.375181474
-231116.80503531027,-800909.6002459342,-2019323.848689095
293122.5140435543,-1218900.8625105026,24496825.03542038
-85812.03709605837,-274197.92005260306,-3891706.8219498824
695065.2574901326,-716021.4390530831,7863563.212315262
225071.10957562685,-526079.9999378481,36431318.41017007
577437.3154043047,-933092.9484355672,15105967.269410815
73715.59520654842,-441517.2433289037,43664816.9596639
215516.89289621968,-144963.4728273264,-5498037.755609417
67341.37118547458,-607209.271620187,5903238.351487533
713289.067171621,-464439.7170861985,-1319128.3135041764
139281.45417975538,-1040834.8356434312,27983331.2614922
-42810.94475705688,-208579.80608550075,-9027958.33123961
-319163.5953630069,-951787.3632487368,10551913.319583299
89320.82349953405,-124804.05076025173,18672623.06389808
510347.5172500308,-993419.4736442306,15455508.44277818
83398.8867324061,-1107947.7212346592,18657038.42559509
272583.7823595119,-1283669.5468765206,33945568.600841075
264832.1631254558,-306477.7588134066,-9304029.06689281
354829.2366528509,-1298826.4350536002,20378027.769626718
389183.86963762564,-1116656.303756386,2846422.8671985036
556321.9056496973,-1052582.2245907828,31142560.083200943
-137772.47367999182,-446710.9084308563,12596840.502627328
126358.43048135197,-557206.6643211578,27998915.899795208
586563.7837555872,-938473.8391266866,42484837.20243653
-140271.15227148795,-809519.4880077617,27493528.343397804
305206.2930136963,-640031.7172640909,25857141.321582507
842346.9762049906,-463609.0556119547,-1035265.258699483
4196.186071193931,-381811.01540867187,7265781.014550087
-25953.229154875567,-1024711.8407536529,9919622.279861452
495074.05768718844,-740457.23873365,38988312.28031277
345444.1294068695,-1346027.2864836885,19149067.72058991
-55567.35447884873,-190696.4308732105,35774537.224543504
209792.69959695477,-51292.822343677944,-4527337.427022368
67268.04090931734,-717483.8756375976,22063395.08325146
-82660.18735568589,-686856.6590096592,12119282.65748531
423807.9288363821,-679956.8801565946,31740342.280966144
699504.2511351616,-413809.82547502784,-8187501.051327667
605016.333425828,-1197586.4100015247,19858168.763376534
430868.7994754524,-1006141.3175756818,12668084.563441068
76446.10050252335,-106255.24624171386,19549815.56266712
76701.01939971944,-349846.4780269089,-3926215.663906551
413100.2207411849,-476801.4560987716,34581199.20591355
533626.4745693305,-1266042.5352618499,-7885826.981319532
392643.53694582294,-1285742.5342754128,31286161.393278636
225121.2031004133,-526130.0934682012,34204941.50974107
-57694.5953243136,-880489.5239547773,-8749661.218685986
179529.34078334481,-799430.0990201478,28257175.62024497
877684.3031109025,-426025.5173678022,-7532946.242601527
814764.8988076498,-806076.5400876657,35118869.227367155
233493.1109651891,-629852.610363529,16594300.22734762
731284.7569437185,-686193.0843121049,22641139.888912793
667253.2190253639,-598333.888364003,-6174856.333339827
126358.43048135197,-557206.6643211578,27998915.899795208
239380.19505984412,-584624.417828789,20865604.310820658
22428.382558994126,-619506.4536396812,2900969.101259015
-105108.52509781462,-382360.4382400134,-1471635.1311835512
445535.67196516297,-718192.290241632,10519630.854527056
224006.4459450341,-1075834.2609894031,-5037177.737220628
-22110.9937523467,-1022958.6884371074,21170617.94617943
307213.3619377147,-1047084.1176005289,10883643.477747222
317212.7016239715,-722960.6127158883,34409768.18458053
581023.625064079,-684972.4070831069,35479542.28523666
-102447.42448571883,-792620.1318060459,10871398.40479485
-52201.046178305354,-1014194.6002795201,-4068703.785534004
770336.4169048384,-438233.2811335474,28405229.68412349
507233.22425045853,-1154783.7555263194,-1572935.2801530801
61540.86985321189,-55925.683381140116,-6759280.269702443
334548.9415637713,-604516.9856826465,22008848.84919095
355496.0497703402,-512723.5831753648,8077295.394756455
143676.72875101908,-259193.05581209052,16331587.753096983
-45873.61633616615,-702914.8906228543,17787638.245977573
86917.01603748802,-653863.6573650903,-8760793.103188122
28511.754917041555,-191292.67511318994,38879219.81219174
951528.5472580007,-920389.8237776795,6070216.619019709
-44451.093454151225,-186327.3143915388,-3693559.277811704
-52097.924162855445,-846781.2565466692,13039889.505812703
313172.24517347274,-1177449.3510244652,12905193.703336746
162222.2714793437,-538230.1985592284,32232371.575960964
549364.0837226176,-1095140.470330843,20050750.36526365
240921.82706889696,-717953.2289866402,16970557.92352011
56263.94873807897,-527417.9642125575,-8995675.866183395
-227297.87240735732,-792849.4762650329,14897801.029220717
899398.15781115,-418126.68938287586,7491758.269943628
225272.4846649614,-464417.0482479546,-2592615.9005495743
147374.9156200103,-958787.7200742167,3878348.560547346
482334.75759395317,-468255.0514883315,29963693.514423795
98968.63007301105,-762875.4351585769,24013701.248027265
86083.25057862548,-537555.3444340617,39386833.745489575
254000.48875032103,-1158882.2489453293,37024647.854134396
98715.73543108726,-446468.49350530305,18047011.15487754
40961.739413727206,-428488.15587876085,13260300.818955177
375248.3309908039,-592836.6297968943,-8011617.276193758
-179068.48094306543,-134261.51326622942,-10333728.383341227
508401.5028942696,-1198121.2134050913,37054703.94229019
-136638.6577253447,-323741.8382132469,33971171.935196005
873157.783966446,-397658.07650757424,6474304.026447561
314277.9509824297,-608499.0066568629,28743638.972988695
49046.229846372415,15228.832093906156,17646263.31280033
296675.71539715683,-842632.7609058096,27715052.844990492
-87205.42132418006,-326509.486383255,2276470.3806886645
389084.09885374026,-613635.5088951532,36676219.86921724
513854.94323703134,-1184493.400722148,20393612.407929707
-100057.62144644199,-84978.94564274763,24235225.749619957
76446.10050252335,-106255.24624171386,19549815.56266712
505257.7093766325,-589554.5209478757,-1303543.6752011622
110602.8835095649,-137088.22890856562,22309409.73074887
364988.5637943045,-541363.6281821877,7171159.996281838
755065.1366532879,-829399.2551072562,12661405.43273976
-177750.8300532733,-538340.9413370191,28622301.43191532
279749.8978198806,-1268985.3345586741,16576489.21214418
76344.13392102346,-700560.3401500782,-6232742.132751005
40961.739413727206,-428488.15587876085,13260300.818955177
37779.504871780926,-1080061.3592689608,37711485.12791675
483631.64230942907,-681399.2201930579,15335284.090154998
347317.33219889685,-454480.32305651566,-1329147.0095560977
270281.85830152413,-346361.1122957999,37869557.88784719
388892.0506472305,-835282.0713642961,-10074355.474441256
82658.37276945711,-103195.44797676493,32207881.430056244
11405.838621280238,-632849.3455142621,24470108.51261523
266680.4169598269,-582785.8873148207,-1084245.5505089273
814764.8988076498,-806076.5400876657,35118869.227367155
422080.7788959598,-665124.9812361506,6533303.014308927
526161.5924200194,-705717.6523711052,33201958.716097772
86083.25057862548,-537555.3444340617,39386833.745489575
428280.54626062553,243497.66069065096,17339023.300541103
-139097.4605039361,-138154.51057972002,35093265.89301222
-178911.55662626374,-706429.9892356449,25232642.601012155
382.23534004023264,-963870.0215798588,-3647918.5513529256
296675.71539715683,-842632.7609058096,27715052.844990492
88021.98147593967,-571315.089051295,-1098717.0003617026
617044.5980330468,-1518027.4720032834,21419972.15902748
728021.3967897234,-597122.801014168,42039561.82235073
382.23534004023264,-963870.0215798588,-3647918.5513529256
405089.911127463,-702023.6853568543,-6047952.850015389
161803.0438073117,-316570.0748087128,31054618.195634004
619860.6857580089,-709331.6662846835,19258160.188710906
809545.2449487651,-664736.3727697823,41632134.84957221
267525.7745954838,-393281.54324532737,40187216.24119378
-202705.71824336422,-1007860.0349568555,9839472.711446006
141299.8748541276,-381829.57358817087,-1594085.8607071617
23202.95254110118,-973156.3506420403,14333414.484961944
680180.1501599421,-632328.5344803063,-4539582.499974742
422482.6522606164,-532833.5137833991,39238779.68161103
-37008.07750972212,-307256.27040546114,31345160.381140005
364988.5637943045,-541363.6281821877,7171159.996281838
-146668.31035685993,-1013149.2782455974,23036321.788738936
-62718.68962409686,-251997.44483743954,1518389.0460925936
802725.488412205,-556776.0317017218,-3614522.89784647
-124670.37850227261,-421073.33285226184,15620260.33340993
836777.590461294,-724977.5927596538,13029870.809760783
61674.36921187276,-887256.250146102,36676219.86921724
583239.7811245658,-509642.06592582026,27390001.817527875
-146668.31035685993,-1013149.2782455974,23036321.788738936
-44318.51523666862,-1040465.4928158744,16348285.57985021
354577.93107630906,-558852.6930555301,-2018210.6602388811
283396.21881222556,-283213.0915153924,28161441.41352651
207879.29428234647,-676150.6733654229,35407185.03597273
-45592.60449093966,-329806.53600682976,6192667.348543295
485452.0808594658,-1161594.6525988674,26119853.795833115
511157.5340244192,-1323520.0369007683,20059655.872865357
347317.33219889685,-454480.32305651566,-1329147.0095560977
-121831.58266800421,-911421.4200132984,15398735.831817243
110709.334626395,-355447.1172109377,37980876.73286864
136239.10806365687,-167689.89578658843,1079792.7967080732
327759.26752019697,-786213.3062934636,36433544.787070505
383207.386447195,-298383.72286549775,40876279.89187656
156044.65951478807,-418360.1651769702,4910274.253896188
547026.4761639574,-727999.2579872538,3744765.9465216002
579076.1087833293,-1003483.338592018,35222395.75323711
126842.37418769761,-700010.5467594522,7909203.938774066
642939.4093623558,-702228.1007163537,-5804164.579418406
-28548.85546208221,-680175.0587576813,17459247.653164286
309982.7695632943,-398713.4502310074,29436042.189022116
115638.6856130259,-350956.9592484531,21929812.469225716
552041.3178417154,-1183671.0008216281,-7547417.692454328
152619.6692067947,-857113.5113033851,3300603.7548860125
67615.579668169,4937.492834711142,39185346.63600073
-8087.614840931275,-955874.465717242,20213275.878994968
589915.7711204867,-1243490.3688667123,31670211.408602618
-23294.626615584526,-308043.42615295947,1237865.556638541
583239.7811245658,-509642.06592582026,27390001.817527875
15207.843727172634,-492820.8498003515,18653698.860244453
7021.2954872353885,-166111.99217161137,41186859.46948641
423807.9288363821,-679956.8801565946,31740342.280966144
61310.72952904755,-240018.16479222107,-8112917.425163288
835638.6692463023,-600508.5530400743,-5778561.245063471
-13162.49730622657,-84051.38261337759,9139277.176261088
-189947.2966004267,-1047360.6466732704,39453625.05250244
-281557.8131779627,-957632.6956020088,-1512823.1038415008
798672.2100790256,-500641.1959189885,-3698012.031612558
276627.21956132934,-149399.03846418252,-6338495.035521363
-25911.264588558704,-197718.5692411371,28792619.26479814
-206790.96326343238,-327836.39293407684,26085344.953876473
-8087.614840931275,-955874.465717242,20213275.878994968
194874.00532295502,-313722.1446709944,2264225.3077363158
-58073.455198676194,-316532.9725749633,-10014243.298129652
459563.7198561042,-392263.3251018608,27152892.67763217
-19394.279447521298,-442884.12577606365,12410938.031441499
422482.6522606164,-532833.5137833991,39238779.68161103
55994.97359919042,-684357.0368885387,5642752.254137323
92099.67102996205,-997523.8694449934,15206154.22993013
69250.13133165907,-943730.0747591923,22407370.314367756
793932.3685279281,-445817.97429413797,15721560.482379435
577487.4089402248,-933143.0419659202,12879590.368981808
275943.85503476433,-1182060.0999295614,1353637.1554608452
73953.15516550333,-1021534.3886319246,12788308.916064225
239787.43879067106,-512184.32811827253,7965976.549735006
378308.5512621546,-1070072.2406671806,18298591.74462602
410263.0566630748,-969663.7155254127,15154947.561220258
199406.80189292802,-876182.3245709437,38577545.74218363
899398.15781115,-418126.68938287586,7491758.269943628
122641.33003965706,-139441.24148032855,13268093.138106672
368383.1192406398,-1071988.9571226528,36237623.61983275
276094.0513630228,12273.136065837258,34462088.04174061
130636.47129189695,-1079356.5968698433,21740570.43268927
505291.96122790466,-941496.5664818959,13750103.737049568
-221431.72498296545,-835207.1574417603,-925059.6021282462
-137772.47367999182,-446710.9084308563,12596840.502627328
629746.2323375393,-519374.17980542325,39797600.28361871
601680.6240041294,-913184.9558317768,-4139947.846347719
259228.23199382523,-855296.4607290378,19370592.222182572
426295.50229329383,-1219463.549670179,30559249.335288566
278909.70941950806,-1317147.6999934898,-6797128.677009751
-290041.58361352695,-903698.8694369606,21377670.997919343
-178911.55662626374,-706429.9892356449,25232642.601012155
6599.843876184185,-871375.9430830309,27119497.024125747
100317.32979241958,-906910.876005861,-5892106.466985349
139900.15624976758,-358954.1195929978,38682185.45650378
423807.9288363821,-679956.8801565946,31740342.280966144
596068.211133478,-1262293.4057012058,27522471.24310338
353502.77123634843,-1149725.9855165235,6761506.646602894
111859.60962887215,-961814.6864877797,30865376.159097556
24866.463768727608,-481489.3161686018,12366410.493432932
82588.49982285856,-1015765.5862507027,31555552.99823053
-52201.046178305354,-1014194.6002795201,-4068703.785534004
100456.24335461434,-655513.6515806227,-7558549.576956463
229422.05999954458,-387376.7151828098,13094435.739873216
700255.3222656791,-569469.7647649129,20555024.733210817
309399.9975206691,-917197.6861932814,14961252.770882934
686313.1581994982,-1007490.7917151373,7113274.196870686
139900.15624976758,-358954.1195929978,38682185.45650378
268825.49958902504,-1216356.724784754,15311907.132700514
-45592.60449093966,-329806.53600682976,6192667.348543295
477909.74758846586,-637855.4388499301,21878605.800515868
216021.4764411272,-1247050.7495110398,-8823131.656400152
-183232.68338464224,-177749.93430948874,-3350697.235145645
111712.46896951375,-379340.83502926526,-2815253.5905924747
-17432.23462148322,-352081.99919382477,39674036.36564491
720861.5468214916,-793481.9376136821,5740712.837756212
392643.53694582294,-1285742.5342754128,31286161.393278636
34595.92927170726,-948605.125912687,1097603.8119115145
279305.92294446565,-432097.7954392876,30762962.82167782
158878.1234992042,-481100.57180864044,37830596.29208969
850094.3939764065,-536854.5633751102,6012330.819608532
577858.1103900172,-1043611.6113521548,42469252.56413352
183311.51028480593,-1124716.393549155,39590547.231878825
288865.70345106465,-80939.25249109688,33127375.08993342
-127364.69134781465,-374160.1645178409,23457107.022920016
21615.374068381207,-172803.28300289297,14323395.788910024
297716.00554399315,-419626.07525683934,31593401.40553784
596068.211133478,-1262293.4057012058,27522471.24310338
-234062.033618799,-261947.30135568365,2253093.423234156
364988.5637943045,-541363.6281821877,7171159.996281838
227731.1244505003,-961539.519264853,-3912857.402503964
559630.0660060814,-790848.0980705771,12636915.286835063
839629.3652713959,-684962.9989019021,28960710.720780525
67401.07380862307,90895.55334522124,10274729.395479886
-19394.279447521298,-442884.12577606365,12410938.031441499
-167301.1335710838,-700612.3976643425,24756197.94432035
167069.52758961098,-753117.9975063135,38519659.94277248
622872.8062028227,-567824.2014334811,11368993.642040735
818657.8871210113,-524586.0472873559,26177739.59524427
53738.14248988817,-83138.34120415033,-6847222.157269409
213512.7497765368,-1008410.9357437894,23827798.77684146
-88636.94902133853,-303517.3338973495,-6179309.087140707
287868.85320146155,-300109.05130233674,3563316.229136624
-32919.991365564376,-315028.6068858634,10779003.763427053
-92825.36686277775,-311467.03884905705,-7933694.0846787635
194267.40382290134,84766.02625707994,7476173.631640613
247147.76326764992,-925668.710686768,38745637.19816602
374156.23860830494,-528033.8481903493,-6312891.701166427
425133.3378036494,-1220248.5357721997,-5608243.412180655
916224.009585056,-842181.597614864,5034951.3603202
376943.6596267478,-338044.85782116686,42724172.71923266
-12394.03990868931,-437251.00666515843,9468780.957524585
544318.5350642853,-1496704.9081973487,-8985657.170131449
690467.7707118185,-713016.742773736,32889152.761587508
336698.7370321198,-762432.1585773712,12689235.143995123
-54671.751857983785,-772853.847323868,18209536.668608863
406091.0528632555,-1233461.8513412145,-6391928.081131661
553369.796704432,-748070.0410247025,820419.8878081021
111661.01355884405,-850053.6004865651,-8770811.799240068
616331.4060115739,-1173467.6228817063,-4847935.700684156
355794.2474196096,-326114.68096376274,42248841.25099107
835638.6692463023,-600508.5530400743,-5778561.245063471
560469.3139848526,-1194022.939249252,37915198.614306
-92825.36686277775,-311467.03884905705,-7933694.0846787635
250746.80644520442,-676766.9825489203,7837959.877960327
183311.51028480593,-1124716.393549155,39590547.231878825
162430.6916044251,-270779.6628538196,35726670.121184275
561995.2203925485,-968565.0578991832,20113088.918475654
-25953.229154875567,-1024711.8407536529,9919622.279861452
161803.0438073117,-316570.0748087128,31054618.195634004
473129.65152888605,-339655.26915376977,12540067.891666392
751305.5165983851,-798450.602795173,30594871.365695424
-57602.4838558238,-242568.6309898567,8576003.820452554
120349.95289677283,-447733.76246766123,30410082.082959812
669813.9279281888,-1273090.4341975474,40674792.78238775
